service_id,date,exception_type
000001,20231014,1
000001,20231015,1
000001,20231021,1
000001,20231022,1
000001,20231028,1
000001,20231029,1
000001,20231104,1
000001,20231105,1
000001,20231118,1
000001,20231119,1
000001,20231125,1
000001,20231126,1
000001,20231202,1
000001,20231203,1
000001,20231209,1
000002,20231010,1
000002,20231011,1
000002,20231012,1
000002,20231013,1
000002,20231016,1
000002,20231017,1
000002,20231018,1
000002,20231019,1
000002,20231020,1
000002,20231023,1
000002,20231024,1
000002,20231025,1
000002,20231026,1
000002,20231027,1
000002,20231030,1
000002,20231031,1
000002,20231102,1
000002,20231103,1
000002,20231106,1
000002,20231107,1
000002,20231108,1
000002,20231109,1
000002,20231113,1
000002,20231114,1
000002,20231115,1
000002,20231116,1
000002,20231117,1
000002,20231120,1
000002,20231121,1
000002,20231122,1
000002,20231123,1
000002,20231124,1
000002,20231127,1
000002,20231128,1
000002,20231129,1
000002,20231130,1
000002,20231201,1
000002,20231204,1
000002,20231205,1
000002,20231206,1
000002,20231207,1
000002,20231208,1
000003,20231101,1
000004,20231112,1
000005,20231110,1
000005,20231111,1
000006,20231211,1
000006,20231212,1
000006,20231213,1
000006,20231214,1
000006,20231215,1
000006,20231218,1
000006,20231219,1
000006,20231220,1
000006,20231221,1
000006,20231222,1
000006,20231226,1
000006,20231227,1
000006,20231228,1
000006,20231229,1
000006,20240102,1
000006,20240103,1
000006,20240104,1
000006,20240105,1
000006,20240108,1
000007,20231210,1
000007,20231216,1
000007,20231217,1
000007,20231223,1
000007,20231224,1
000007,20231225,1
000007,20231230,1
000007,20231231,1
000007,20240101,1
000007,20240106,1
000007,20240107,1
000008,20231030,1
000008,20231031,1
000008,20231102,1
000008,20231103,1
000008,20231106,1
000008,20231107,1
000008,20231108,1
000008,20231109,1
000008,20231113,1
000008,20231114,1
000008,20231115,1
000008,20231116,1
000008,20231117,1
000008,20231120,1
000008,20231121,1
000008,20231122,1
000008,20231123,1
000008,20231124,1
000009,20231010,1
000009,20231011,1
000009,20231012,1
000009,20231013,1
000009,20231014,1
000009,20231015,1
000009,20231016,1
000009,20231017,1
000009,20231018,1
000009,20231019,1
000009,20231020,1
000009,20231021,1
000009,20231028,1
000009,20231029,1
000009,20231101,1
000009,20231104,1
000009,20231105,1
000009,20231118,1
000009,20231119,1
000009,20231125,1
000009,20231126,1
000009,20231202,1
000009,20231203,1
000009,20231209,1
000010,20231022,1
000011,20231110,1
000011,20231111,1
000011,20231112,1
000012,20231023,1
000012,20231024,1
000012,20231025,1
000012,20231026,1
000012,20231027,1
000012,20231127,1
000012,20231128,1
000012,20231129,1
000012,20231130,1
000012,20231201,1
000012,20231204,1
000012,20231205,1
000012,20231206,1
000012,20231207,1
000012,20231208,1
000013,20231210,1
000013,20231211,1
000013,20231212,1
000013,20231213,1
000013,20231214,1
000013,20231215,1
000013,20231216,1
000013,20231217,1
000013,20231218,1
000013,20231219,1
000013,20231220,1
000013,20231221,1
000013,20231222,1
000013,20231223,1
000013,20231224,1
000013,20231225,1
000013,20231226,1
000013,20231227,1
000013,20231228,1
000013,20231229,1
000013,20231230,1
000013,20231231,1
000013,20240101,1
000013,20240102,1
000013,20240103,1
000013,20240104,1
000013,20240105,1
000013,20240106,1
000013,20240107,1
000013,20240108,1
000014,20231014,1
000014,20231015,1
000014,20231021,1
000014,20231022,1
000014,20231023,1
000014,20231024,1
000014,20231025,1
000014,20231026,1
000014,20231027,1
000014,20231028,1
000014,20231029,1
000014,20231030,1
000014,20231031,1
000014,20231101,1
000014,20231102,1
000014,20231103,1
000014,20231104,1
000014,20231105,1
000014,20231106,1
000014,20231107,1
000014,20231108,1
000014,20231109,1
000014,20231113,1
000014,20231114,1
000014,20231115,1
000014,20231116,1
000014,20231117,1
000014,20231118,1
000014,20231119,1
000014,20231120,1
000014,20231121,1
000014,20231122,1
000014,20231123,1
000014,20231124,1
000014,20231125,1
000014,20231126,1
000014,20231127,1
000014,20231128,1
000014,20231129,1
000014,20231130,1
000014,20231201,1
000014,20231202,1
000014,20231203,1
000014,20231204,1
000014,20231205,1
000014,20231206,1
000014,20231207,1
000014,20231208,1
000014,20231209,1
000015,20231010,1
000015,20231011,1
000015,20231012,1
000015,20231013,1
000015,20231016,1
000015,20231017,1
000015,20231018,1
000015,20231019,1
000015,20231020,1
000016,20231110,1
000017,20231111,1
000017,20231112,1
000018,20231030,1
000018,20231031,1
000018,20231102,1
000018,20231103,1
000018,20231106,1
000018,20231107,1
000018,20231108,1
000018,20231109,1
000018,20231110,1
000018,20231111,1
000018,20231112,1
000018,20231113,1
000018,20231114,1
000018,20231115,1
000018,20231116,1
000018,20231117,1
000018,20231120,1
000018,20231121,1
000018,20231122,1
000018,20231123,1
000018,20231124,1
000019,20231014,1
000019,20231015,1
000019,20231021,1
000019,20231022,1
000019,20231023,1
000019,20231024,1
000019,20231025,1
000019,20231026,1
000019,20231027,1
000019,20231028,1
000019,20231029,1
000019,20231104,1
000019,20231105,1
000019,20231118,1
000019,20231119,1
000019,20231125,1
000019,20231126,1
000019,20231127,1
000019,20231128,1
000019,20231129,1
000019,20231130,1
000019,20231201,1
000019,20231202,1
000019,20231203,1
000019,20231204,1
000019,20231205,1
000019,20231206,1
000019,20231207,1
000019,20231208,1
000019,20231209,1
000020,20231010,1
000020,20231011,1
000020,20231012,1
000020,20231013,1
000020,20231014,1
000020,20231015,1
000020,20231016,1
000020,20231017,1
000020,20231018,1
000020,20231019,1
000020,20231020,1
000020,20231021,1
000020,20231022,1
000020,20231023,1
000020,20231024,1
000020,20231025,1
000020,20231026,1
000020,20231027,1
000020,20231028,1
000020,20231029,1
000020,20231104,1
000020,20231105,1
000020,20231118,1
000020,20231119,1
000020,20231125,1
000020,20231126,1
000020,20231127,1
000020,20231128,1
000020,20231129,1
000020,20231130,1
000020,20231201,1
000020,20231202,1
000020,20231203,1
000020,20231204,1
000020,20231205,1
000020,20231206,1
000020,20231207,1
000020,20231208,1
000020,20231209,1
000021,20231030,1
000021,20231031,1
000021,20231102,1
000021,20231103,1
000021,20231106,1
000021,20231107,1
000021,20231108,1
000021,20231109,1
000021,20231110,1
000021,20231112,1
000021,20231113,1
000021,20231114,1
000021,20231115,1
000021,20231116,1
000021,20231117,1
000021,20231120,1
000021,20231121,1
000021,20231122,1
000021,20231123,1
000021,20231124,1
000022,20231111,1
000023,20231010,1
000023,20231011,1
000023,20231012,1
000023,20231013,1
000023,20231014,1
000023,20231015,1
000023,20231016,1
000023,20231017,1
000023,20231018,1
000023,20231019,1
000023,20231020,1
000023,20231021,1
000023,20231022,1
000023,20231023,1
000023,20231024,1
000023,20231025,1
000023,20231026,1
000023,20231027,1
000023,20231028,1
000023,20231029,1
000023,20231030,1
000023,20231031,1
000023,20231101,1
000023,20231102,1
000023,20231103,1
000023,20231104,1
000023,20231105,1
000023,20231106,1
000023,20231107,1
000023,20231108,1
000023,20231109,1
000023,20231113,1
000023,20231114,1
000023,20231115,1
000023,20231116,1
000023,20231117,1
000023,20231118,1
000023,20231119,1
000023,20231120,1
000023,20231121,1
000023,20231122,1
000023,20231123,1
000023,20231124,1
000023,20231125,1
000023,20231126,1
000023,20231127,1
000023,20231128,1
000023,20231129,1
000023,20231130,1
000023,20231201,1
000023,20231202,1
000023,20231203,1
000023,20231204,1
000023,20231205,1
000023,20231206,1
000023,20231207,1
000023,20231208,1
000023,20231209,1
000024,20231013,1
000024,20231020,1
000024,20231021,1
000024,20231027,1
000024,20231028,1
000024,20231103,1
000024,20231117,1
000024,20231118,1
000024,20231124,1
000024,20231125,1
000024,20231201,1
000024,20231202,1
000024,20231208,1
000024,20231209,1
000025,20231014,1
000026,20231022,1
000026,20231029,1
000026,20231101,1
000026,20231105,1
000026,20231119,1
000026,20231126,1
000026,20231203,1
000027,20231015,1
000028,20231104,1
000029,20231010,1
000029,20231011,1
000029,20231012,1
000029,20231016,1
000029,20231017,1
000029,20231018,1
000029,20231019,1
000029,20231023,1
000029,20231024,1
000029,20231025,1
000029,20231026,1
000029,20231030,1
000029,20231031,1
000029,20231102,1
000029,20231106,1
000029,20231107,1
000029,20231108,1
000029,20231109,1
000029,20231113,1
000029,20231114,1
000029,20231115,1
000029,20231116,1
000029,20231120,1
000029,20231121,1
000029,20231122,1
000029,20231123,1
000029,20231127,1
000029,20231128,1
000029,20231129,1
000029,20231130,1
000029,20231204,1
000029,20231205,1
000029,20231206,1
000029,20231207,1
000030,20231014,1
000030,20231021,1
000030,20231028,1
000030,20231101,1
000030,20231104,1
000030,20231118,1
000030,20231125,1
000030,20231202,1
000030,20231209,1
000031,20231015,1
000031,20231022,1
000031,20231029,1
000031,20231105,1
000031,20231119,1
000031,20231126,1
000031,20231203,1
000032,20231210,1
000032,20231217,1
000032,20231224,1
000032,20231225,1
000032,20231231,1
000032,20240101,1
000032,20240107,1
000033,20231216,1
000033,20231223,1
000033,20231230,1
000033,20240106,1
000034,20231010,1
000034,20231011,1
000034,20231012,1
000034,20231013,1
000034,20231014,1
000034,20231015,1
000034,20231016,1
000034,20231017,1
000034,20231018,1
000034,20231019,1
000034,20231020,1
000034,20231021,1
000034,20231022,1
000034,20231023,1
000034,20231024,1
000034,20231025,1
000034,20231026,1
000034,20231027,1
000034,20231028,1
000034,20231029,1
000034,20231030,1
000034,20231031,1
000034,20231101,1
000034,20231102,1
000034,20231103,1
000034,20231104,1
000035,20231105,1
000035,20231111,1
000035,20231112,1
000036,20231106,1
000036,20231107,1
000036,20231108,1
000036,20231109,1
000036,20231110,1
000036,20231113,1
000036,20231114,1
000036,20231115,1
000036,20231116,1
000036,20231117,1
000036,20231118,1
000036,20231119,1
000036,20231120,1
000036,20231121,1
000036,20231122,1
000036,20231123,1
000036,20231124,1
000036,20231125,1
000036,20231126,1
000036,20231127,1
000036,20231128,1
000036,20231129,1
000036,20231130,1
000036,20231201,1
000036,20231202,1
000036,20231203,1
000036,20231204,1
000036,20231205,1
000036,20231206,1
000036,20231207,1
000036,20231208,1
000036,20231209,1
000037,20231105,1
000037,20231106,1
000037,20231107,1
000037,20231108,1
000037,20231109,1
000037,20231110,1
000037,20231112,1
000037,20231113,1
000037,20231114,1
000037,20231115,1
000037,20231116,1
000037,20231117,1
000037,20231118,1
000037,20231119,1
000037,20231120,1
000037,20231121,1
000037,20231122,1
000037,20231123,1
000037,20231124,1
000037,20231125,1
000037,20231126,1
000037,20231127,1
000037,20231128,1
000037,20231129,1
000037,20231130,1
000037,20231201,1
000037,20231202,1
000037,20231203,1
000037,20231204,1
000037,20231205,1
000037,20231206,1
000037,20231207,1
000037,20231208,1
000037,20231209,1
000038,20231120,1
000038,20231121,1
000038,20231122,1
000038,20231123,1
000038,20231124,1
000038,20231127,1
000038,20231128,1
000038,20231129,1
000038,20231130,1
000038,20231201,1
000038,20231204,1
000038,20231205,1
000038,20231206,1
000038,20231207,1
000038,20231208,1
000039,20231010,1
000039,20231011,1
000039,20231012,1
000039,20231013,1
000040,20231020,1
000040,20231027,1
000040,20231103,1
000040,20231110,1
000040,20231117,1
000041,20231016,1
000041,20231017,1
000041,20231018,1
000041,20231019,1
000041,20231023,1
000041,20231024,1
000041,20231025,1
000041,20231026,1
000041,20231030,1
000041,20231031,1
000041,20231101,1
000041,20231102,1
000041,20231106,1
000041,20231107,1
000041,20231108,1
000041,20231109,1
000041,20231113,1
000041,20231114,1
000041,20231115,1
000041,20231116,1
000042,20231211,1
000042,20231212,1
000042,20231213,1
000042,20231214,1
000042,20231215,1
000042,20231218,1
000042,20231219,1
000042,20231220,1
000042,20231221,1
000042,20231222,1
000042,20231226,1
000042,20231227,1
000042,20231228,1
000042,20231229,1
000042,20240102,1
000042,20240103,1
000042,20240104,1
000042,20240105,1
000043,20240108,1
000044,20231012,1
000044,20231123,1
000044,20231130,1
000044,20231207,1
000045,20231016,1
000045,20231017,1
000045,20231018,1
000045,20231020,1
000045,20231021,1
000045,20231023,1
000045,20231024,1
000045,20231025,1
000045,20231027,1
000045,20231028,1
000045,20231030,1
000045,20231031,1
000045,20231101,1
000045,20231103,1
000045,20231104,1
000045,20231106,1
000045,20231107,1
000045,20231108,1
000045,20231110,1
000045,20231111,1
000045,20231113,1
000045,20231114,1
000045,20231115,1
000045,20231117,1
000045,20231118,1
000046,20231019,1
000046,20231026,1
000046,20231102,1
000046,20231109,1
000046,20231116,1
000047,20240102,1
000047,20240103,1
000047,20240104,1
000047,20240105,1
000047,20240106,1
000048,20231211,1
000048,20231212,1
000048,20231213,1
000048,20231214,1
000048,20231215,1
000048,20231216,1
000048,20231218,1
000048,20231219,1
000048,20231220,1
000048,20231221,1
000048,20231222,1
000048,20231223,1
000048,20231226,1
000048,20231227,1
000048,20231228,1
000048,20231229,1
000048,20231230,1
000049,20231010,1
000049,20231011,1
000049,20231013,1
000049,20231014,1
000049,20231120,1
000049,20231121,1
000049,20231122,1
000049,20231124,1
000049,20231127,1
000049,20231128,1
000049,20231129,1
000049,20231201,1
000049,20231202,1
000049,20231204,1
000049,20231205,1
000049,20231206,1
000049,20231208,1
000049,20231209,1
000050,20231125,1
000051,20231010,1
000051,20231011,1
000051,20231012,1
000051,20231013,1
000051,20231015,1
000052,20231016,1
000052,20231017,1
000052,20231018,1
000052,20231019,1
000052,20231020,1
000052,20231022,1
000052,20231023,1
000052,20231024,1
000052,20231025,1
000052,20231026,1
000052,20231027,1
000052,20231029,1
000052,20231030,1
000052,20231031,1
000052,20231101,1
000052,20231102,1
000052,20231103,1
000052,20231105,1
000052,20231106,1
000052,20231107,1
000052,20231108,1
000052,20231109,1
000052,20231110,1
000052,20231112,1
000052,20231113,1
000052,20231114,1
000053,20231118,1
000054,20231021,1
000054,20231028,1
000054,20231104,1
000054,20231111,1
000055,20231125,1
000055,20231202,1
000055,20231209,1
000056,20231119,1
000056,20231203,1
000057,20231115,1
000057,20231116,1
000057,20231117,1
000058,20231010,1
000058,20231011,1
000058,20231012,1
000058,20231013,1
000058,20231120,1
000058,20231121,1
000058,20231122,1
000058,20231123,1
000058,20231124,1
000058,20231127,1
000058,20231128,1
000058,20231129,1
000058,20231130,1
000058,20231201,1
000058,20231204,1
000058,20231205,1
000058,20231206,1
000058,20231207,1
000058,20231208,1
000059,20231016,1
000059,20231017,1
000059,20231018,1
000059,20231019,1
000059,20231020,1
000059,20231023,1
000059,20231024,1
000059,20231025,1
000059,20231026,1
000059,20231027,1
000059,20231030,1
000059,20231031,1
000059,20231101,1
000059,20231102,1
000059,20231103,1
000059,20231106,1
000059,20231107,1
000059,20231108,1
000059,20231109,1
000059,20231110,1
000059,20231113,1
000059,20231114,1
000059,20231115,1
000059,20231116,1
000059,20231117,1
000060,20231015,1
000060,20231203,1
000061,20231022,1
000061,20231029,1
000061,20231105,1
000061,20231112,1
000061,20231119,1
000062,20231015,1
000062,20231016,1
000062,20231018,1
000062,20231020,1
000062,20231025,1
000062,20231027,1
000062,20231030,1
000062,20231106,1
000062,20231108,1
000062,20231110,1
000062,20231111,1
000062,20231112,1
000062,20231115,1
000062,20231117,1
000062,20231118,1
000062,20231119,1
000063,20231021,1
000063,20231022,1
000063,20231023,1
000063,20231028,1
000063,20231029,1
000063,20231101,1
000063,20231103,1
000063,20231104,1
000063,20231105,1
000064,20231017,1
000064,20231019,1
000064,20231026,1
000064,20231031,1
000064,20231107,1
000064,20231109,1
000064,20231116,1
000065,20231024,1
000065,20231102,1
000066,20231113,1
000066,20231114,1
000067,20231210,1
000067,20231211,1
000067,20231212,1
000067,20231213,1
000067,20231214,1
000067,20231215,1
000067,20231216,1
000067,20231217,1
000067,20231218,1
000067,20231219,1
000067,20231220,1
000067,20231221,1
000067,20231222,1
000067,20231225,1
000067,20231228,1
000067,20240101,1
000067,20240103,1
000067,20240105,1
000068,20231223,1
000068,20231224,1
000068,20231226,1
000068,20231227,1
000068,20231229,1
000068,20231230,1
000068,20231231,1
000068,20240102,1
000068,20240104,1
000068,20240106,1
000068,20240107,1
000069,20231010,1
000069,20231011,1
000069,20231012,1
000069,20231013,1
000069,20231014,1
000069,20231120,1
000069,20231121,1
000069,20231122,1
000069,20231123,1
000069,20231124,1
000069,20231127,1
000069,20231128,1
000069,20231129,1
000069,20231130,1
000069,20231201,1
000069,20231202,1
000069,20231203,1
000069,20231204,1
000069,20231205,1
000069,20231206,1
000069,20231207,1
000069,20231208,1
000069,20231209,1
000070,20231120,1
000070,20231121,1
000070,20231122,1
000070,20231123,1
000070,20231124,1
000070,20231125,1
000070,20231127,1
000070,20231128,1
000070,20231129,1
000070,20231130,1
000070,20231201,1
000070,20231202,1
000070,20231204,1
000070,20231205,1
000070,20231206,1
000070,20231207,1
000070,20231208,1
000070,20231209,1
000071,20231117,1
000072,20231211,1
000072,20231212,1
000072,20231213,1
000072,20231214,1
000072,20231215,1
000072,20231216,1
000072,20231218,1
000072,20231219,1
000072,20231220,1
000072,20231221,1
000072,20231222,1
000072,20231223,1
000072,20231226,1
000072,20231227,1
000072,20231228,1
000072,20231229,1
000072,20231230,1
000072,20240102,1
000072,20240103,1
000072,20240104,1
000072,20240105,1
000072,20240106,1
000073,20231016,1
000073,20231017,1
000073,20231018,1
000073,20231019,1
000073,20231020,1
000073,20231021,1
000073,20231023,1
000073,20231026,1
000073,20231027,1
000073,20231028,1
000073,20231030,1
000073,20231031,1
000073,20231101,1
000073,20231102,1
000073,20231103,1
000073,20231104,1
000073,20231106,1
000073,20231107,1
000073,20231108,1
000073,20231109,1
000073,20231110,1
000073,20231111,1
000074,20231115,1
000074,20231116,1
000074,20231118,1
000075,20231024,1
000075,20231025,1
000076,20231014,1
000076,20231202,1
000076,20231209,1
000077,20231013,1
000077,20231015,1
000077,20231201,1
000077,20231203,1
000077,20231208,1
000078,20231127,1
000078,20231128,1
000078,20231130,1
000078,20231204,1
000078,20231205,1
000079,20231129,1
000079,20231206,1
000079,20231207,1
000080,20231120,1
000080,20231121,1
000080,20231122,1
000080,20231123,1
000080,20231124,1
000081,20231010,1
000081,20231011,1
000081,20231012,1
000082,20231016,1
000082,20231017,1
000082,20231018,1
000082,20231019,1
000082,20231023,1
000082,20231024,1
000082,20231025,1
000082,20231026,1
000083,20231115,1
000083,20231116,1
000084,20231030,1
000084,20231031,1
000084,20231102,1
000084,20231103,1
000084,20231108,1
000084,20231109,1
000085,20231107,1
000086,20231111,1
000086,20231118,1
000087,20231020,1
000087,20231027,1
000087,20231029,1
000087,20231101,1
000087,20231105,1
000087,20231110,1
000087,20231112,1
000087,20231117,1
000087,20231119,1
000088,20231021,1
000088,20231028,1
000088,20231104,1
000089,20231106,1
000090,20231211,1
000090,20231212,1
000090,20231213,1
000090,20231214,1
000090,20231218,1
000090,20231219,1
000090,20231220,1
000090,20231221,1
000090,20231226,1
000090,20231227,1
000090,20231228,1
000090,20240102,1
000090,20240103,1
000090,20240104,1
000091,20231216,1
000092,20231210,1
000092,20231215,1
000092,20231217,1
000092,20231222,1
000092,20231224,1
000092,20231225,1
000092,20231229,1
000092,20231231,1
000092,20240101,1
000092,20240105,1
000092,20240107,1
000093,20231223,1
000093,20231230,1
000093,20240106,1
000094,20231022,1
000094,20231029,1
000094,20231105,1
000094,20231112,1
000095,20231203,1
000096,20231015,1
000096,20231022,1
000096,20231029,1
000096,20231105,1
000096,20231112,1
000096,20231119,1
000097,20231016,1
000097,20231017,1
000097,20231018,1
000097,20231019,1
000097,20231020,1
000097,20231023,1
000097,20231026,1
000097,20231027,1
000097,20231030,1
000097,20231031,1
000097,20231101,1
000097,20231102,1
000097,20231103,1
000097,20231106,1
000097,20231107,1
000097,20231108,1
000097,20231109,1
000097,20231110,1
000097,20231120,1
000097,20231121,1
000097,20231122,1
000097,20231123,1
000097,20231124,1
000097,20231127,1
000097,20231128,1
000097,20231129,1
000097,20231130,1
000097,20231201,1
000097,20231208,1
000098,20231204,1
000098,20231205,1
000099,20231206,1
000099,20231207,1
000100,20231021,1
000100,20231028,1
000100,20231104,1
000100,20231111,1
000100,20231118,1
000101,20231218,1
000101,20231219,1
000101,20231220,1
000101,20231221,1
000101,20231222,1
000102,20231211,1
000102,20231212,1
000102,20231213,1
000102,20231226,1
000102,20231227,1
000102,20231228,1
000102,20231229,1
000102,20240102,1
000102,20240103,1
000102,20240104,1
000102,20240105,1
000103,20231103,1
000104,20231012,1
000105,20231019,1
000106,20231025,1
000107,20231023,1
000107,20231024,1
000108,20231016,1
000108,20231017,1
000108,20231018,1
000109,20231020,1
000109,20231021,1
000109,20231022,1
000109,20231027,1
000109,20231028,1
000109,20231029,1
000109,20231104,1
000109,20231110,1
000109,20231111,1
000109,20231112,1
000109,20231117,1
000109,20231118,1
000109,20231119,1
000110,20231013,1
000110,20231014,1
000110,20231015,1
000110,20231124,1
000110,20231201,1
000110,20231202,1
000110,20231203,1
000110,20231208,1
000110,20231209,1
000111,20231210,1
000111,20231214,1
000111,20231215,1
000111,20231216,1
000111,20231217,1
000111,20231218,1
000111,20231219,1
000111,20231220,1
000111,20231221,1
000111,20231222,1
000111,20231223,1
000111,20231224,1
000111,20231225,1
000111,20231226,1
000111,20231227,1
000111,20231228,1
000111,20231229,1
000111,20231230,1
000111,20231231,1
000111,20240101,1
000111,20240102,1
000111,20240103,1
000111,20240104,1
000111,20240105,1
000111,20240106,1
000111,20240107,1
000112,20231211,1
000112,20231212,1
000112,20231213,1
000113,20231010,1
000113,20231011,1
000114,20231030,1
000114,20231031,1
000114,20231102,1
000114,20231108,1
000114,20231109,1
000114,20231127,1
000114,20231128,1
000114,20231130,1
000114,20231204,1
000114,20231205,1
000115,20231105,1
000116,20231107,1
000116,20231120,1
000116,20231121,1
000116,20231122,1
000116,20231123,1
000116,20231129,1
000116,20231206,1
000116,20231207,1
000117,20231026,1
000118,20231013,1
000119,20231106,1
000119,20231110,1
000120,20231120,1
000120,20231121,1
000120,20231122,1
000120,20231123,1
000120,20231124,1
000120,20231129,1
000120,20231201,1
000120,20231202,1
000120,20231208,1
000120,20231209,1
000121,20231014,1
000121,20231028,1
000121,20231101,1
000121,20231104,1
000121,20231111,1
000121,20231118,1
000122,20231127,1
000122,20231128,1
000122,20231130,1
000123,20231108,1
000123,20231109,1
000124,20231010,1
000124,20231011,1
000124,20231012,1
000124,20231016,1
000124,20231017,1
000124,20231018,1
000124,20231019,1
000124,20231023,1
000124,20231024,1
000124,20231025,1
000124,20231026,1
000125,20231021,1
000126,20231030,1
000126,20231031,1
000126,20231102,1
000126,20231103,1
000127,20231216,1
000127,20231223,1
000127,20231226,1
000127,20231227,1
000127,20231228,1
000127,20231229,1
000127,20231230,1
000127,20240102,1
000127,20240103,1
000127,20240104,1
000127,20240105,1
000127,20240106,1
000128,20231020,1
000128,20231027,1
000129,20231120,1
000129,20231121,1
000129,20231122,1
000129,20231123,1
000130,20231107,1
000130,20231129,1
000130,20231206,1
000130,20231207,1
000131,20231013,1
000131,20231014,1
000131,20231015,1
000132,20231124,1
000132,20231126,1
000132,20231201,1
000132,20231202,1
000132,20231203,1
000132,20231208,1
000132,20231209,1
000133,20231210,1
000133,20231215,1
000133,20231216,1
000133,20231217,1
000133,20231218,1
000133,20231219,1
000133,20231220,1
000133,20231221,1
000133,20231222,1
000133,20231224,1
000133,20231225,1
000133,20231226,1
000133,20231227,1
000133,20231228,1
000133,20231229,1
000133,20231230,1
000133,20231231,1
000133,20240101,1
000133,20240102,1
000133,20240103,1
000133,20240104,1
000133,20240105,1
000133,20240106,1
000133,20240107,1
000134,20231223,1
000135,20231031,1
000136,20231030,1
000136,20231102,1
000136,20231108,1
000136,20231109,1
000136,20231127,1
000136,20231128,1
000136,20231130,1
000137,20231020,1
000137,20231029,1
000137,20231104,1
000137,20231110,1
000137,20231111,1
000137,20231117,1
000137,20231118,1
000137,20231119,1
000138,20231021,1
000138,20231022,1
000138,20231027,1
000138,20231028,1
000139,20231023,1
000139,20231024,1
000139,20231025,1
000140,20231019,1
000140,20231116,1
000141,20231115,1
000142,20231211,1
000142,20231212,1
000143,20231015,1
000143,20231022,1
000143,20231029,1
000143,20231105,1
000143,20231112,1
000143,20231119,1
000143,20231203,1
000144,20231120,1
000144,20231121,1
000144,20231122,1
000144,20231123,1
000144,20231124,1
000144,20231127,1
000144,20231128,1
000144,20231129,1
000144,20231130,1
000144,20231201,1
000144,20231202,1
000144,20231203,1
000144,20231208,1
000144,20231209,1
000145,20231014,1
000145,20231015,1
000145,20231020,1
000145,20231106,1
000145,20231107,1
000145,20231108,1
000145,20231109,1
000145,20231110,1
000145,20231111,1
000145,20231112,1
000145,20231118,1
000145,20231119,1
000146,20231114,1
000147,20231113,1
000148,20231024,1
000149,20231023,1
000150,20231010,1
000150,20231011,1
000150,20231012,1
000150,20231016,1
000150,20231017,1
000150,20231018,1
000150,20231019,1
000151,20231021,1
000151,20231022,1
000151,20231027,1
000151,20231028,1
000151,20231029,1
000151,20231030,1
000151,20231031,1
000151,20231101,1
000151,20231102,1
000151,20231103,1
000151,20231104,1
000151,20231105,1
000152,20231116,1
000153,20231210,1
000153,20231211,1
000153,20231212,1
000153,20231213,1
000153,20231214,1
000153,20231215,1
000153,20231216,1
000153,20231217,1
000153,20231218,1
000153,20231219,1
000153,20231220,1
000153,20231221,1
000153,20231222,1
000153,20231224,1
000153,20231225,1
000153,20231231,1
000153,20240101,1
000153,20240102,1
000153,20240104,1
000154,20231223,1
000154,20231226,1
000154,20231227,1
000154,20231228,1
000154,20231229,1
000154,20231230,1
000154,20240103,1
000154,20240105,1
000154,20240106,1
000154,20240107,1
000155,20231204,1
000155,20231205,1
000155,20231206,1
000155,20231207,1
000156,20231126,1
000157,20231013,1
000157,20231020,1
000157,20231027,1
000157,20231030,1
000157,20231031,1
000157,20231101,1
000157,20231102,1
000157,20231103,1
000157,20231106,1
000157,20231107,1
000157,20231108,1
000157,20231109,1
000157,20231110,1
000157,20231113,1
000157,20231120,1
000157,20231121,1
000157,20231122,1
000157,20231123,1
000157,20231124,1
000157,20231127,1
000157,20231128,1
000157,20231129,1
000157,20231130,1
000157,20231201,1
000157,20231204,1
000157,20231205,1
000157,20231206,1
000157,20231207,1
000157,20231208,1
000158,20231210,1
000158,20231217,1
000158,20231224,1
000158,20231231,1
000158,20240107,1
000159,20231225,1
000159,20240101,1
000160,20231014,1
000160,20231015,1
000160,20231126,1
000160,20231203,1
000161,20231202,1
000161,20231209,1
000162,20231013,1
000162,20231016,1
000162,20231017,1
000162,20231018,1
000162,20231019,1
000162,20231020,1
000162,20231025,1
000162,20231026,1
000162,20231027,1
000162,20231030,1
000162,20231031,1
000162,20231101,1
000162,20231102,1
000162,20231103,1
000162,20231106,1
000162,20231107,1
000162,20231108,1
000162,20231109,1
000162,20231110,1
000162,20231114,1
000162,20231115,1
000162,20231117,1
000163,20231021,1
000163,20231022,1
000163,20231028,1
000163,20231029,1
000163,20231104,1
000163,20231105,1
000163,20231111,1
000163,20231112,1
000163,20231118,1
000163,20231119,1
000164,20231211,1
000164,20231212,1
000164,20231215,1
000164,20231218,1
000164,20231219,1
000164,20231220,1
000164,20231221,1
000164,20231222,1
000164,20231226,1
000164,20231227,1
000164,20231228,1
000164,20231229,1
000164,20240102,1
000164,20240103,1
000164,20240104,1
000164,20240105,1
000165,20231213,1
000165,20231214,1
000166,20231126,1
000166,20231202,1
000166,20231203,1
000166,20231209,1
000167,20231014,1
000167,20231015,1
000168,20231015,1
000168,20231126,1
000168,20231203,1
000169,20231021,1
000169,20231022,1
000169,20231028,1
000169,20231029,1
000169,20231104,1
000169,20231105,1
000169,20231111,1
000169,20231118,1
000169,20231119,1
000170,20231013,1
000170,20231120,1
000170,20231121,1
000170,20231122,1
000170,20231123,1
000170,20231124,1
000170,20231127,1
000170,20231128,1
000170,20231129,1
000170,20231130,1
000170,20231201,1
000170,20231204,1
000170,20231205,1
000170,20231206,1
000170,20231207,1
000170,20231208,1
000171,20231023,1
000171,20231024,1
000171,20231113,1
000171,20231116,1
000172,20231014,1
000172,20231015,1
000172,20231126,1
000172,20231202,1
000172,20231203,1
000172,20231209,1
000173,20231210,1
000173,20231216,1
000173,20231217,1
000173,20231223,1
000173,20231224,1
000173,20231225,1
000173,20231226,1
000173,20231227,1
000173,20231228,1
000173,20231229,1
000173,20231230,1
000173,20231231,1
000173,20240101,1
000173,20240102,1
000173,20240103,1
000173,20240104,1
000173,20240105,1
000173,20240106,1
000173,20240107,1
000174,20231016,1
000174,20231017,1
000174,20231018,1
000174,20231019,1
000174,20231020,1
000174,20231025,1
000174,20231026,1
000174,20231027,1
000174,20231030,1
000174,20231031,1
000174,20231101,1
000174,20231102,1
000174,20231103,1
000174,20231106,1
000174,20231107,1
000174,20231108,1
000174,20231109,1
000174,20231110,1
000174,20231115,1
000174,20231117,1
000175,20231211,1
000175,20231212,1
000175,20231213,1
000175,20231214,1
000175,20231215,1
000175,20231218,1
000175,20231219,1
000175,20231220,1
000175,20231221,1
000175,20231222,1
000176,20231010,1
000176,20231011,1
000176,20231012,1
000176,20231013,1
000176,20231014,1
000176,20231015,1
000177,20231120,1
000177,20231121,1
000177,20231122,1
000177,20231123,1
000177,20231124,1
000177,20231126,1
000177,20231127,1
000177,20231128,1
000177,20231129,1
000177,20231130,1
000177,20231201,1
000177,20231202,1
000177,20231203,1
000177,20231204,1
000177,20231205,1
000177,20231206,1
000177,20231207,1
000177,20231208,1
000177,20231209,1
000178,20231016,1
000178,20231017,1
000178,20231018,1
000178,20231019,1
000178,20231020,1
000178,20231022,1
000178,20231023,1
000178,20231024,1
000178,20231025,1
000178,20231026,1
000178,20231027,1
000178,20231029,1
000178,20231030,1
000178,20231031,1
000178,20231101,1
000178,20231102,1
000178,20231105,1
000178,20231106,1
000178,20231107,1
000178,20231108,1
000178,20231109,1
000178,20231110,1
000178,20231111,1
000178,20231112,1
000178,20231113,1
000178,20231114,1
000178,20231115,1
000178,20231116,1
000178,20231117,1
000178,20231118,1
000178,20231119,1
000179,20231021,1
000179,20231028,1
000179,20231103,1
000179,20231104,1
000180,20231210,1
000180,20231211,1
000180,20231212,1
000180,20231213,1
000180,20231214,1
000180,20231215,1
000180,20231216,1
000180,20231217,1
000180,20231218,1
000180,20231219,1
000180,20231220,1
000180,20231221,1
000180,20231222,1
000180,20231224,1
000180,20231225,1
000180,20231226,1
000180,20231227,1
000180,20231228,1
000180,20231229,1
000180,20231231,1
000180,20240101,1
000180,20240102,1
000180,20240103,1
000180,20240104,1
000180,20240105,1
000180,20240107,1
000181,20231014,1
000181,20231111,1
000181,20231202,1
000181,20231209,1
000182,20231010,1
000182,20231011,1
000182,20231012,1
000182,20231013,1
000182,20231101,1
000182,20231120,1
000182,20231121,1
000182,20231122,1
000182,20231123,1
000182,20231124,1
000182,20231127,1
000182,20231128,1
000182,20231129,1
000182,20231130,1
000182,20231201,1
000182,20231204,1
000182,20231205,1
000182,20231206,1
000182,20231207,1
000182,20231208,1
000183,20231021,1
000183,20231028,1
000183,20231104,1
000183,20231118,1
000184,20231016,1
000184,20231017,1
000184,20231018,1
000184,20231019,1
000184,20231020,1
000184,20231023,1
000184,20231024,1
000184,20231025,1
000184,20231026,1
000184,20231027,1
000184,20231030,1
000184,20231031,1
000184,20231102,1
000184,20231103,1
000184,20231106,1
000184,20231107,1
000184,20231108,1
000184,20231109,1
000184,20231110,1
000184,20231115,1
000184,20231116,1
000184,20231117,1
000185,20231210,1
000185,20231211,1
000185,20231212,1
000185,20231213,1
000185,20231214,1
000185,20231215,1
000185,20231217,1
000185,20231218,1
000185,20231219,1
000185,20231220,1
000185,20231221,1
000185,20231222,1
000185,20231224,1
000185,20231225,1
000185,20231226,1
000185,20231227,1
000185,20231228,1
000185,20231229,1
000185,20231231,1
000185,20240101,1
000185,20240102,1
000185,20240103,1
000185,20240104,1
000185,20240105,1
000185,20240107,1
000186,20231216,1
000186,20231223,1
000186,20231230,1
000187,20240106,1
000188,20231010,1
000188,20231011,1
000188,20231012,1
000188,20231013,1
000188,20231124,1
000188,20231201,1
000189,20231016,1
000189,20231017,1
000189,20231018,1
000189,20231019,1
000189,20231020,1
000189,20231023,1
000189,20231024,1
000189,20231025,1
000189,20231026,1
000189,20231027,1
000189,20231030,1
000189,20231031,1
000189,20231101,1
000189,20231102,1
000189,20231103,1
000189,20231106,1
000189,20231107,1
000189,20231108,1
000189,20231109,1
000189,20231110,1
000189,20231113,1
000189,20231117,1
000190,20231114,1
000190,20231115,1
000190,20231116,1
000190,20231120,1
000190,20231121,1
000190,20231122,1
000190,20231123,1
000190,20231127,1
000190,20231128,1
000190,20231129,1
000190,20231130,1
000190,20231204,1
000190,20231205,1
000190,20231206,1
000190,20231207,1
000191,20231211,1
000191,20231212,1
000191,20231213,1
000191,20231214,1
000191,20231218,1
000191,20231219,1
000191,20231220,1
000191,20231221,1
000192,20231208,1
000193,20231120,1
000193,20231121,1
000193,20231122,1
000193,20231123,1
000193,20231127,1
000193,20231128,1
000193,20231129,1
000193,20231130,1
000194,20231020,1
000194,20231021,1
000194,20231022,1
000194,20231027,1
000194,20231028,1
000194,20231029,1
000194,20231103,1
000194,20231104,1
000194,20231105,1
000194,20231110,1
000194,20231111,1
000194,20231112,1
000194,20231117,1
000194,20231118,1
000194,20231119,1
000195,20231016,1
000195,20231017,1
000195,20231018,1
000195,20231019,1
000195,20231023,1
000195,20231024,1
000195,20231025,1
000195,20231026,1
000195,20231030,1
000195,20231031,1
000195,20231102,1
000195,20231106,1
000195,20231107,1
000195,20231108,1
000195,20231109,1
000195,20231113,1
000195,20231114,1
000195,20231115,1
000195,20231116,1
000196,20231124,1
000196,20231126,1
000196,20231201,1
000196,20231202,1
000196,20231203,1
000196,20231204,1
000196,20231205,1
000196,20231206,1
000196,20231207,1
000196,20231208,1
000196,20231209,1
000197,20231211,1
000197,20231212,1
000197,20231213,1
000197,20231214,1
000197,20231215,1
000198,20231210,1
000198,20231216,1
000198,20231217,1
000198,20231218,1
000198,20231219,1
000198,20231220,1
000198,20231221,1
000198,20231223,1
000198,20231224,1
000198,20231225,1
000198,20231226,1
000198,20231227,1
000198,20231228,1
000198,20231229,1
000198,20231230,1
000198,20231231,1
000198,20240101,1
000198,20240107,1
000199,20231222,1
000200,20231028,1
000201,20231027,1
000202,20231020,1
000203,20231124,1
000204,20231201,1
000205,20231029,1
000206,20231206,1
000207,20231102,1
000208,20231129,1
000209,20231127,1
000210,20231109,1
000211,20231121,1
000212,20231130,1
000213,20231017,1
000214,20231016,1
000215,20231207,1
000216,20231205,1
000217,20231204,1
000218,20231128,1
000219,20231122,1
000220,20231123,1
000221,20231010,1
000222,20231030,1
000223,20231108,1
000224,20231120,1
000225,20231011,1
000226,20231209,1
000227,20231018,1
000228,20231119,1
000229,20231014,1
000229,20231028,1
000229,20231104,1
000229,20231111,1
000229,20231118,1
000229,20231202,1
000230,20231013,1
000230,20231020,1
000230,20231027,1
000230,20231103,1
000230,20231110,1
000230,20231117,1
000230,20231124,1
000230,20231201,1
000230,20231208,1
000231,20231010,1
000231,20231011,1
000231,20231012,1
000231,20231016,1
000231,20231017,1
000231,20231018,1
000231,20231019,1
000231,20231023,1
000231,20231024,1
000231,20231115,1
000231,20231116,1
000231,20231122,1
000231,20231123,1
000232,20231026,1
000232,20231030,1
000232,20231031,1
000232,20231102,1
000232,20231106,1
000232,20231107,1
000232,20231108,1
000232,20231109,1
000232,20231113,1
000232,20231114,1
000232,20231120,1
000232,20231121,1
000232,20231127,1
000232,20231128,1
000232,20231129,1
000232,20231130,1
000232,20231204,1
000232,20231205,1
000232,20231206,1
000232,20231207,1
000233,20231015,1
000233,20231022,1
000233,20231029,1
000233,20231119,1
000233,20231126,1
000233,20231203,1
000234,20231202,1
000235,20231010,1
000235,20231011,1
000235,20231012,1
000235,20231016,1
000235,20231017,1
000235,20231018,1
000235,20231019,1
000235,20231023,1
000235,20231024,1
000235,20231025,1
000235,20231026,1
000235,20231030,1
000235,20231031,1
000235,20231101,1
000235,20231102,1
000235,20231106,1
000235,20231107,1
000235,20231108,1
000235,20231109,1
000235,20231113,1
000235,20231114,1
000235,20231115,1
000235,20231116,1
000235,20231120,1
000235,20231121,1
000235,20231122,1
000235,20231123,1
000235,20231127,1
000235,20231128,1
000235,20231129,1
000235,20231130,1
000235,20231204,1
000235,20231205,1
000235,20231206,1
000235,20231207,1
000236,20231029,1
000236,20231119,1
000237,20231015,1
000237,20231022,1
000237,20231126,1
000237,20231202,1
000237,20231203,1
000237,20231209,1
000238,20231105,1
000238,20231112,1
000239,20231014,1
000239,20231028,1
000239,20231104,1
000239,20231111,1
000239,20231118,1
000240,20231217,1
000241,20240107,1
000242,20231215,1
000242,20231222,1
000242,20231225,1
000242,20231226,1
000242,20231227,1
000242,20231228,1
000242,20231229,1
000242,20240101,1
000242,20240102,1
000242,20240103,1
000242,20240104,1
000242,20240105,1
000242,20240108,1
000243,20231211,1
000243,20231212,1
000243,20231213,1
000243,20231214,1
000243,20240103,1
000243,20240104,1
000244,20231218,1
000244,20231219,1
000244,20231220,1
000244,20231221,1
000244,20231225,1
000244,20231226,1
000244,20231227,1
000244,20231228,1
000244,20240101,1
000244,20240102,1
000244,20240108,1
000245,20231014,1
000245,20231015,1
000245,20231021,1
000245,20231022,1
000245,20231028,1
000245,20231029,1
000245,20231104,1
000245,20231105,1
000245,20231111,1
000245,20231112,1
000245,20231118,1
000245,20231119,1
000245,20231126,1
000245,20231202,1
000245,20231203,1
000245,20231209,1
000246,20231215,1
000246,20231222,1
000246,20231229,1
000246,20240105,1
000247,20231218,1
000248,20231213,1
000249,20231212,1
000250,20240103,1
000251,20231214,1
000252,20231228,1
000253,20231227,1
000254,20240102,1
000255,20231219,1
000256,20231221,1
000257,20231220,1
000258,20231211,1
000259,20240104,1
000260,20231226,1
000261,20231210,1
000262,20231225,1
000263,20240101,1
000264,20231229,1
000265,20240105,1
000266,20231215,1
000267,20231230,1
000268,20231010,1
000268,20231011,1
000268,20231012,1
000268,20231013,1
000268,20231014,1
000268,20231015,1
000268,20231016,1
000268,20231017,1
000268,20231018,1
000268,20231019,1
000268,20231020,1
000268,20231023,1
000268,20231024,1
000268,20231025,1
000268,20231026,1
000268,20231027,1
000268,20231028,1
000268,20231029,1
000268,20231030,1
000268,20231031,1
000268,20231101,1
000268,20231102,1
000268,20231103,1
000268,20231104,1
000268,20231105,1
000268,20231106,1
000268,20231107,1
000268,20231108,1
000268,20231109,1
000268,20231110,1
000269,20231021,1
000269,20231022,1
000270,20231111,1
000270,20231112,1
000270,20231113,1
000270,20231114,1
000270,20231115,1
000270,20231116,1
000270,20231117,1
000270,20231118,1
000270,20231119,1
000270,20231120,1
000270,20231121,1
000270,20231122,1
000270,20231123,1
000270,20231124,1
000270,20231125,1
000270,20231126,1
000270,20231127,1
000270,20231128,1
000270,20231129,1
000270,20231130,1
000270,20231201,1
000270,20231202,1
000270,20231203,1
000270,20231204,1
000270,20231205,1
000270,20231206,1
000270,20231207,1
000270,20231208,1
000270,20231209,1
000271,20231010,1
000271,20231011,1
000271,20231012,1
000271,20231013,1
000271,20231015,1
000271,20231016,1
000271,20231017,1
000271,20231018,1
000271,20231019,1
000271,20231020,1
000271,20231024,1
000271,20231025,1
000271,20231026,1
000271,20231029,1
000271,20231030,1
000271,20231031,1
000271,20231101,1
000271,20231102,1
000271,20231103,1
000271,20231105,1
000271,20231106,1
000271,20231107,1
000271,20231108,1
000271,20231109,1
000271,20231110,1
000272,20231023,1
000272,20231027,1
000272,20231104,1
000273,20231014,1
000273,20231028,1
000274,20231010,1
000274,20231011,1
000274,20231012,1
000274,20231013,1
000274,20231014,1
000274,20231015,1
000274,20231016,1
000274,20231017,1
000274,20231018,1
000274,20231019,1
000274,20231020,1
000274,20231021,1
000274,20231022,1
000274,20231023,1
000274,20231024,1
000274,20231025,1
000274,20231026,1
000274,20231027,1
000274,20231028,1
000274,20231029,1
000274,20231030,1
000274,20231031,1
000274,20231101,1
000274,20231102,1
000274,20231103,1
000274,20231104,1
000274,20231105,1
000274,20231106,1
000274,20231107,1
000274,20231108,1
000274,20231109,1
000274,20231110,1
000274,20231111,1
000274,20231112,1
000274,20231113,1
000274,20231114,1
000274,20231115,1
000274,20231116,1
000274,20231117,1
000274,20231119,1
000274,20231120,1
000274,20231121,1
000274,20231122,1
000274,20231123,1
000274,20231124,1
000274,20231125,1
000274,20231126,1
000274,20231127,1
000274,20231128,1
000274,20231129,1
000274,20231130,1
000274,20231201,1
000274,20231202,1
000274,20231203,1
000274,20231204,1
000274,20231205,1
000274,20231206,1
000274,20231207,1
000274,20231208,1
000274,20231209,1
000275,20231211,1
000275,20231212,1
000275,20231213,1
000275,20231214,1
000275,20231215,1
000275,20231218,1
000275,20231219,1
000275,20231220,1
000275,20231221,1
000275,20231222,1
000275,20231225,1
000275,20231226,1
000275,20231227,1
000275,20231228,1
000275,20231229,1
000275,20240101,1
000275,20240102,1
000275,20240103,1
000275,20240104,1
000275,20240105,1
000275,20240108,1
000276,20231210,1
000276,20231216,1
000276,20231217,1
000276,20231223,1
000276,20231224,1
000276,20231230,1
000276,20231231,1
000276,20240106,1
000276,20240107,1
000277,20231111,1
000277,20231112,1
000277,20231113,1
000277,20231114,1
000277,20231115,1
000277,20231116,1
000277,20231117,1
000277,20231119,1
000277,20231120,1
000277,20231121,1
000277,20231122,1
000277,20231123,1
000277,20231124,1
000277,20231125,1
000277,20231126,1
000277,20231127,1
000277,20231128,1
000277,20231129,1
000277,20231130,1
000277,20231201,1
000277,20231202,1
000277,20231203,1
000277,20231204,1
000277,20231205,1
000277,20231206,1
000277,20231207,1
000277,20231208,1
000277,20231209,1
000278,20231010,1
000278,20231011,1
000278,20231012,1
000278,20231013,1
000278,20231015,1
000278,20231016,1
000278,20231017,1
000278,20231018,1
000278,20231019,1
000278,20231020,1
000278,20231023,1
000278,20231024,1
000278,20231025,1
000278,20231026,1
000278,20231027,1
000278,20231029,1
000278,20231030,1
000278,20231031,1
000278,20231101,1
000278,20231102,1
000278,20231103,1
000278,20231104,1
000278,20231105,1
000278,20231106,1
000278,20231107,1
000278,20231108,1
000278,20231109,1
000278,20231110,1
000279,20231010,1
000279,20231011,1
000279,20231012,1
000279,20231013,1
000279,20231014,1
000279,20231015,1
000279,20231016,1
000279,20231017,1
000279,20231018,1
000279,20231019,1
000279,20231020,1
000279,20231021,1
000279,20231022,1
000279,20231023,1
000279,20231024,1
000279,20231025,1
000279,20231026,1
000279,20231027,1
000279,20231028,1
000279,20231029,1
000279,20231030,1
000279,20231031,1
000279,20231101,1
000279,20231102,1
000279,20231103,1
000279,20231104,1
000279,20231105,1
000279,20231106,1
000279,20231107,1
000279,20231108,1
000279,20231109,1
000279,20231110,1
000279,20231111,1
000279,20231112,1
000279,20231113,1
000279,20231114,1
000279,20231115,1
000279,20231116,1
000279,20231117,1
000279,20231118,1
000279,20231119,1
000279,20231120,1
000279,20231121,1
000279,20231122,1
000279,20231123,1
000279,20231124,1
000279,20231125,1
000279,20231126,1
000279,20231127,1
000279,20231128,1
000279,20231129,1
000279,20231130,1
000279,20231201,1
000279,20231202,1
000279,20231203,1
000279,20231204,1
000279,20231205,1
000279,20231206,1
000279,20231207,1
000279,20231208,1
000279,20231209,1
000280,20231010,1
000280,20231011,1
000280,20231012,1
000280,20231013,1
000280,20231014,1
000280,20231015,1
000280,20231016,1
000280,20231017,1
000280,20231018,1
000280,20231019,1
000280,20231020,1
000280,20231021,1
000280,20231023,1
000280,20231024,1
000280,20231025,1
000280,20231026,1
000280,20231027,1
000280,20231029,1
000280,20231030,1
000280,20231031,1
000280,20231101,1
000280,20231102,1
000280,20231103,1
000280,20231104,1
000280,20231106,1
000280,20231107,1
000280,20231108,1
000280,20231109,1
000280,20231110,1
000280,20231111,1
000280,20231112,1
000280,20231113,1
000280,20231114,1
000280,20231115,1
000280,20231116,1
000280,20231117,1
000280,20231118,1
000280,20231119,1
000280,20231120,1
000280,20231121,1
000280,20231122,1
000280,20231123,1
000280,20231124,1
000280,20231125,1
000280,20231126,1
000280,20231127,1
000280,20231128,1
000280,20231129,1
000280,20231130,1
000280,20231201,1
000280,20231202,1
000280,20231203,1
000280,20231204,1
000280,20231205,1
000280,20231206,1
000280,20231207,1
000280,20231208,1
000280,20231209,1
000281,20231022,1
000281,20231028,1
000281,20231105,1
000282,20231210,1
000282,20231211,1
000282,20231212,1
000282,20231213,1
000282,20231214,1
000282,20231215,1
000282,20231216,1
000282,20231217,1
000282,20231218,1
000282,20231219,1
000282,20231220,1
000282,20231221,1
000282,20231222,1
000282,20231223,1
000282,20231225,1
000282,20231226,1
000282,20231227,1
000282,20231228,1
000282,20231229,1
000282,20231230,1
000282,20240101,1
000282,20240102,1
000282,20240103,1
000282,20240104,1
000282,20240105,1
000282,20240106,1
000283,20231224,1
000283,20231231,1
000283,20240107,1
000284,20231010,1
000284,20231011,1
000284,20231012,1
000284,20231013,1
000284,20231015,1
000284,20231016,1
000284,20231017,1
000284,20231018,1
000284,20231019,1
000284,20231020,1
000284,20231022,1
000284,20231023,1
000284,20231024,1
000284,20231025,1
000284,20231026,1
000284,20231027,1
000284,20231029,1
000284,20231030,1
000284,20231031,1
000284,20231101,1
000284,20231102,1
000284,20231103,1
000284,20231104,1
000284,20231105,1
000284,20231106,1
000284,20231107,1
000284,20231108,1
000284,20231109,1
000284,20231110,1
000284,20231111,1
000284,20231112,1
000284,20231113,1
000284,20231114,1
000284,20231115,1
000284,20231116,1
000284,20231117,1
000284,20231119,1
000284,20231120,1
000284,20231121,1
000284,20231122,1
000284,20231123,1
000284,20231124,1
000284,20231125,1
000284,20231126,1
000284,20231127,1
000284,20231128,1
000284,20231129,1
000284,20231130,1
000284,20231201,1
000284,20231202,1
000284,20231203,1
000284,20231204,1
000284,20231205,1
000284,20231206,1
000284,20231207,1
000284,20231208,1
000284,20231209,1
000285,20231014,1
000285,20231021,1
000285,20231028,1
000285,20231118,1
000286,20231125,1
000286,20231202,1
000286,20231203,1
000286,20231209,1
000287,20231206,1
000287,20231207,1
000287,20231208,1
000288,20231010,1
000288,20231011,1
000288,20231012,1
000288,20231013,1
000288,20231016,1
000288,20231017,1
000288,20231018,1
000288,20231019,1
000288,20231020,1
000288,20231023,1
000288,20231024,1
000288,20231025,1
000288,20231026,1
000288,20231027,1
000288,20231030,1
000288,20231031,1
000288,20231101,1
000288,20231102,1
000288,20231103,1
000288,20231106,1
000288,20231107,1
000288,20231108,1
000288,20231109,1
000288,20231110,1
000288,20231113,1
000288,20231114,1
000288,20231115,1
000288,20231116,1
000288,20231117,1
000289,20231014,1
000289,20231015,1
000289,20231021,1
000289,20231022,1
000289,20231028,1
000289,20231029,1
000289,20231104,1
000289,20231105,1
000289,20231111,1
000289,20231112,1
000289,20231118,1
000289,20231119,1
000290,20231210,1
000290,20231211,1
000290,20231212,1
000290,20231213,1
000290,20231214,1
000290,20231215,1
000290,20231216,1
000290,20231217,1
000290,20231218,1
000290,20231219,1
000290,20231220,1
000290,20231221,1
000290,20231222,1
000290,20231223,1
000290,20231224,1
000290,20231225,1
000290,20231226,1
000290,20231227,1
000290,20231228,1
000290,20231229,1
000290,20231230,1
000290,20231231,1
000290,20240101,1
000290,20240102,1
000290,20240103,1
000290,20240104,1
000290,20240105,1
000290,20240106,1
000290,20240107,1
000291,20231010,1
000291,20231011,1
000291,20231012,1
000291,20231013,1
000291,20231014,1
000291,20231015,1
000291,20231016,1
000291,20231017,1
000291,20231018,1
000291,20231019,1
000291,20231020,1
000291,20231021,1
000291,20231022,1
000291,20231023,1
000291,20231024,1
000291,20231025,1
000291,20231026,1
000291,20231027,1
000291,20231028,1
000291,20231029,1
000291,20231030,1
000291,20231031,1
000291,20231101,1
000291,20231102,1
000291,20231103,1
000291,20231104,1
000291,20231105,1
000291,20231106,1
000291,20231107,1
000291,20231108,1
000291,20231109,1
000291,20231110,1
000291,20231111,1
000291,20231112,1
000291,20231113,1
000291,20231114,1
000291,20231115,1
000291,20231116,1
000291,20231117,1
000291,20231118,1
000291,20231119,1
000291,20231120,1
000291,20231121,1
000291,20231122,1
000291,20231123,1
000291,20231124,1
000291,20231126,1
000291,20231127,1
000291,20231128,1
000291,20231129,1
000291,20231130,1
000291,20231201,1
000291,20231202,1
000291,20231203,1
000291,20231204,1
000291,20231205,1
000291,20231206,1
000291,20231207,1
000291,20231208,1
000291,20231209,1
000292,20231014,1
000292,20231015,1
000292,20231021,1
000292,20231022,1
000292,20231028,1
000292,20231029,1
000292,20231104,1
000292,20231105,1
000292,20231111,1
000292,20231112,1
000292,20231118,1
000292,20231119,1
000292,20231202,1
000292,20231203,1
000292,20231209,1
000293,20231120,1
000293,20231201,1
000294,20231124,1
000294,20231127,1
000295,20231030,1
000295,20231102,1
000295,20231103,1
000296,20231016,1
000296,20231020,1
000296,20231024,1
000296,20231025,1
000296,20231026,1
000296,20231027,1
000296,20231031,1
000296,20231113,1
000296,20231204,1
000296,20231208,1
000297,20231014,1
000297,20231015,1
000297,20231028,1
000297,20231029,1
000297,20231104,1
000297,20231105,1
000297,20231111,1
000297,20231112,1
000297,20231202,1
000297,20231203,1
000298,20231212,1
000298,20231213,1
000298,20231214,1
000298,20231215,1
000298,20231216,1
000298,20231217,1
000298,20231218,1
000298,20231219,1
000298,20231220,1
000298,20231221,1
000298,20231222,1
000298,20231223,1
000298,20231224,1
000298,20231225,1
000298,20231226,1
000298,20231227,1
000298,20231228,1
000298,20231229,1
000298,20231230,1
000298,20231231,1
000298,20240101,1
000298,20240102,1
000298,20240103,1
000298,20240104,1
000298,20240105,1
000298,20240106,1
000298,20240107,1
000299,20231010,1
000299,20231011,1
000299,20231012,1
000299,20231013,1
000299,20231016,1
000299,20231017,1
000299,20231018,1
000299,20231019,1
000299,20231020,1
000299,20231030,1
000299,20231031,1
000299,20231101,1
000299,20231102,1
000299,20231103,1
000299,20231106,1
000299,20231107,1
000299,20231108,1
000299,20231109,1
000299,20231110,1
000299,20231113,1
000299,20231114,1
000299,20231115,1
000299,20231116,1
000299,20231117,1
000299,20231118,1
000299,20231119,1
000299,20231121,1
000299,20231122,1
000299,20231123,1
000299,20231128,1
000299,20231129,1
000299,20231130,1
000299,20231204,1
000299,20231205,1
000299,20231206,1
000299,20231207,1
000299,20231208,1
000300,20231010,1
000300,20231011,1
000300,20231012,1
000300,20231013,1
000300,20231014,1
000300,20231016,1
000300,20231017,1
000300,20231018,1
000300,20231019,1
000300,20231020,1
000300,20231021,1
000300,20231023,1
000300,20231024,1
000300,20231025,1
000300,20231026,1
000300,20231027,1
000300,20231028,1
000300,20231030,1
000300,20231031,1
000300,20231101,1
000300,20231102,1
000300,20231103,1
000300,20231104,1
000300,20231106,1
000300,20231107,1
000300,20231108,1
000300,20231109,1
000300,20231110,1
000300,20231111,1
000300,20231113,1
000300,20231114,1
000300,20231115,1
000300,20231116,1
000300,20231117,1
000300,20231118,1
000300,20231120,1
000300,20231121,1
000300,20231122,1
000300,20231123,1
000300,20231124,1
000300,20231127,1
000300,20231128,1
000300,20231129,1
000300,20231130,1
000300,20231201,1
000300,20231202,1
000300,20231204,1
000300,20231205,1
000300,20231206,1
000300,20231207,1
000300,20231208,1
000300,20231209,1
000301,20231015,1
000301,20231022,1
000301,20231029,1
000301,20231105,1
000301,20231112,1
000301,20231119,1
000301,20231126,1
000301,20231203,1
000302,20231013,1
000302,20231016,1
000302,20231020,1
000302,20231030,1
000302,20231031,1
000302,20231102,1
000302,20231103,1
000302,20231106,1
000302,20231110,1
000302,20231113,1
000302,20231117,1
000302,20231118,1
000302,20231120,1
000302,20231121,1
000302,20231122,1
000302,20231123,1
000302,20231124,1
000302,20231127,1
000302,20231128,1
000302,20231129,1
000302,20231130,1
000302,20231201,1
000302,20231204,1
000302,20231208,1
000303,20231029,1
000303,20231105,1
000303,20231112,1
000303,20231203,1
000304,20231014,1
000304,20231028,1
000304,20231104,1
000304,20231111,1
000304,20231202,1
000305,20231021,1
000305,20231209,1
000306,20231101,1
000306,20231119,1
000307,20231216,1
000307,20231217,1
000307,20231218,1
000307,20231219,1
000307,20231220,1
000307,20231221,1
000307,20231222,1
000307,20231223,1
000307,20231224,1
000307,20231225,1
000307,20231226,1
000307,20231227,1
000307,20231228,1
000307,20231229,1
000307,20231230,1
000307,20231231,1
000307,20240101,1
000307,20240102,1
000307,20240103,1
000307,20240104,1
000307,20240105,1
000307,20240106,1
000307,20240107,1
000308,20231212,1
000308,20231213,1
000308,20231214,1
000308,20231215,1
000309,20231218,1
000309,20231225,1
000309,20240101,1
000309,20240108,1
000310,20231215,1
000310,20231222,1
000310,20240105,1
000311,20231217,1
000311,20231224,1
000311,20231231,1
000311,20240107,1
000312,20231216,1
000312,20231223,1
000312,20240106,1
000313,20231218,1
000313,20240108,1
000314,20231010,1
000314,20231011,1
000314,20231012,1
000314,20231013,1
000314,20231015,1
000314,20231016,1
000314,20231017,1
000314,20231018,1
000314,20231019,1
000314,20231020,1
000314,20231021,1
000314,20231022,1
000314,20231023,1
000314,20231024,1
000314,20231025,1
000314,20231026,1
000314,20231027,1
000314,20231028,1
000314,20231029,1
000314,20231030,1
000314,20231031,1
000314,20231101,1
000314,20231102,1
000314,20231103,1
000314,20231104,1
000314,20231105,1
000314,20231111,1
000314,20231112,1
000314,20231118,1
000314,20231119,1
000314,20231125,1
000314,20231127,1
000314,20231128,1
000314,20231129,1
000314,20231130,1
000314,20231201,1
000314,20231202,1
000314,20231203,1
000314,20231204,1
000314,20231205,1
000314,20231206,1
000314,20231207,1
000314,20231208,1
000314,20231209,1
000315,20231106,1
000315,20231107,1
000315,20231108,1
000315,20231109,1
000315,20231110,1
000315,20231113,1
000315,20231114,1
000315,20231115,1
000315,20231116,1
000315,20231117,1
000315,20231120,1
000315,20231121,1
000315,20231122,1
000315,20231123,1
000315,20231124,1
000316,20231011,1
000316,20231018,1
000316,20231021,1
000316,20231025,1
000316,20231028,1
000316,20231101,1
000316,20231104,1
000316,20231108,1
000316,20231111,1
000316,20231115,1
000316,20231118,1
000316,20231122,1
000316,20231129,1
000316,20231202,1
000316,20231206,1
000316,20231209,1
000317,20231010,1
000317,20231012,1
000317,20231013,1
000317,20231015,1
000317,20231016,1
000317,20231017,1
000317,20231019,1
000317,20231020,1
000317,20231022,1
000317,20231023,1
000317,20231024,1
000317,20231026,1
000317,20231027,1
000317,20231029,1
000317,20231030,1
000317,20231031,1
000317,20231102,1
000317,20231103,1
000317,20231105,1
000317,20231106,1
000317,20231107,1
000317,20231109,1
000317,20231110,1
000317,20231112,1
000317,20231113,1
000317,20231114,1
000317,20231116,1
000317,20231117,1
000317,20231119,1
000317,20231120,1
000317,20231121,1
000317,20231123,1
000317,20231124,1
000317,20231127,1
000317,20231128,1
000317,20231130,1
000317,20231201,1
000317,20231203,1
000317,20231204,1
000317,20231205,1
000317,20231207,1
000317,20231208,1
000318,20231010,1
000318,20231011,1
000318,20231012,1
000318,20231013,1
000318,20231015,1
000318,20231016,1
000318,20231017,1
000318,20231018,1
000318,20231019,1
000318,20231020,1
000318,20231021,1
000318,20231022,1
000318,20231023,1
000318,20231024,1
000318,20231025,1
000318,20231026,1
000318,20231027,1
000318,20231028,1
000318,20231029,1
000318,20231030,1
000318,20231031,1
000318,20231101,1
000318,20231102,1
000318,20231103,1
000318,20231104,1
000318,20231105,1
000318,20231106,1
000318,20231107,1
000318,20231108,1
000318,20231109,1
000318,20231110,1
000318,20231111,1
000318,20231112,1
000318,20231113,1
000318,20231114,1
000318,20231115,1
000318,20231116,1
000318,20231117,1
000318,20231118,1
000318,20231119,1
000318,20231120,1
000318,20231121,1
000318,20231122,1
000318,20231123,1
000318,20231124,1
000318,20231126,1
000318,20231127,1
000318,20231128,1
000318,20231129,1
000318,20231130,1
000318,20231201,1
000318,20231202,1
000318,20231203,1
000318,20231204,1
000318,20231205,1
000318,20231206,1
000318,20231207,1
000318,20231208,1
000318,20231209,1
000319,20231210,1
000319,20231211,1
000319,20231216,1
000319,20231217,1
000319,20231218,1
000319,20231223,1
000319,20231224,1
000319,20231225,1
000319,20231230,1
000319,20231231,1
000319,20240101,1
000319,20240106,1
000319,20240107,1
000319,20240108,1
000320,20231212,1
000320,20231213,1
000320,20231214,1
000320,20231215,1
000320,20231219,1
000320,20231220,1
000320,20231221,1
000320,20231222,1
000320,20231226,1
000320,20231227,1
000320,20231228,1
000320,20231229,1
000320,20240102,1
000320,20240103,1
000320,20240104,1
000320,20240105,1
000321,20231010,1
000321,20231011,1
000321,20231012,1
000321,20231013,1
000321,20231015,1
000321,20231016,1
000321,20231017,1
000321,20231018,1
000321,20231019,1
000321,20231020,1
000321,20231021,1
000321,20231022,1
000321,20231023,1
000321,20231024,1
000321,20231025,1
000321,20231026,1
000321,20231027,1
000321,20231028,1
000321,20231029,1
000321,20231030,1
000321,20231031,1
000321,20231101,1
000321,20231102,1
000321,20231103,1
000321,20231104,1
000321,20231105,1
000321,20231106,1
000321,20231107,1
000321,20231108,1
000321,20231109,1
000321,20231110,1
000321,20231111,1
000321,20231112,1
000321,20231113,1
000321,20231114,1
000321,20231115,1
000321,20231116,1
000321,20231117,1
000321,20231118,1
000321,20231119,1
000321,20231120,1
000321,20231121,1
000321,20231122,1
000321,20231123,1
000321,20231124,1
000321,20231127,1
000321,20231128,1
000321,20231129,1
000321,20231130,1
000321,20231201,1
000321,20231202,1
000321,20231203,1
000321,20231204,1
000321,20231205,1
000321,20231206,1
000321,20231207,1
000321,20231208,1
000321,20231209,1
000322,20231010,1
000322,20231011,1
000322,20231012,1
000322,20231013,1
000322,20231016,1
000322,20231017,1
000322,20231018,1
000322,20231019,1
000322,20231020,1
000322,20231101,1
000322,20231127,1
000322,20231128,1
000322,20231129,1
000322,20231130,1
000322,20231201,1
000322,20231204,1
000322,20231205,1
000322,20231206,1
000322,20231207,1
000322,20231208,1
000323,20231015,1
000323,20231021,1
000323,20231022,1
000323,20231028,1
000323,20231029,1
000323,20231104,1
000323,20231105,1
000323,20231111,1
000323,20231112,1
000323,20231118,1
000323,20231119,1
000323,20231126,1
000323,20231202,1
000323,20231203,1
000323,20231209,1
000324,20231113,1
000324,20231114,1
000324,20231115,1
000324,20231116,1
000324,20231120,1
000324,20231121,1
000324,20231122,1
000324,20231123,1
000325,20231117,1
000325,20231124,1
000326,20231023,1
000326,20231024,1
000326,20231025,1
000326,20231026,1
000326,20231027,1
000326,20231030,1
000326,20231031,1
000326,20231102,1
000326,20231103,1
000327,20231106,1
000327,20231107,1
000327,20231108,1
000327,20231109,1
000328,20231010,1
000328,20231011,1
000328,20231012,1
000328,20231017,1
000328,20231018,1
000328,20231019,1
000328,20231024,1
000328,20231025,1
000328,20231026,1
000328,20231031,1
000328,20231101,1
000328,20231102,1
000328,20231107,1
000328,20231108,1
000328,20231109,1
000328,20231114,1
000328,20231115,1
000328,20231116,1
000328,20231121,1
000328,20231122,1
000328,20231123,1
000328,20231128,1
000328,20231129,1
000328,20231130,1
000328,20231205,1
000328,20231206,1
000328,20231207,1
000329,20231013,1
000329,20231016,1
000329,20231020,1
000329,20231023,1
000329,20231027,1
000329,20231030,1
000329,20231103,1
000329,20231106,1
000329,20231110,1
000329,20231113,1
000329,20231117,1
000329,20231120,1
000329,20231124,1
000329,20231127,1
000329,20231201,1
000329,20231204,1
000329,20231208,1
000330,20231212,1
000330,20231213,1
000330,20231214,1
000330,20231219,1
000330,20231220,1
000330,20231221,1
000330,20231226,1
000330,20231227,1
000330,20231228,1
000330,20240102,1
000330,20240103,1
000330,20240104,1
000331,20231211,1
000331,20231215,1
000331,20231218,1
000331,20231222,1
000331,20231229,1
000331,20240105,1
000331,20240108,1
000332,20231010,1
000332,20231011,1
000332,20231012,1
000332,20231013,1
000332,20231014,1
000332,20231015,1
000332,20231016,1
000332,20231017,1
000332,20231018,1
000332,20231019,1
000332,20231020,1
000332,20231021,1
000332,20231023,1
000332,20231024,1
000332,20231025,1
000332,20231026,1
000332,20231027,1
000332,20231028,1
000332,20231029,1
000332,20231030,1
000332,20231031,1
000332,20231101,1
000332,20231102,1
000332,20231106,1
000332,20231107,1
000332,20231108,1
000332,20231109,1
000332,20231113,1
000332,20231114,1
000332,20231115,1
000332,20231116,1
000332,20231117,1
000332,20231118,1
000332,20231120,1
000332,20231121,1
000332,20231122,1
000332,20231123,1
000332,20231124,1
000332,20231127,1
000332,20231128,1
000332,20231129,1
000332,20231130,1
000332,20231201,1
000332,20231203,1
000332,20231204,1
000332,20231205,1
000332,20231206,1
000332,20231207,1
000332,20231208,1
000332,20231209,1
000333,20231104,1
000333,20231111,1
000334,20231119,1
000334,20231125,1
000334,20231126,1
000335,20231012,1
000335,20231013,1
000335,20231014,1
000335,20231015,1
000335,20231019,1
000335,20231020,1
000335,20231026,1
000335,20231027,1
000335,20231109,1
000335,20231116,1
000335,20231117,1
000335,20231123,1
000335,20231124,1
000335,20231130,1
000335,20231201,1
000335,20231203,1
000335,20231207,1
000335,20231208,1
000335,20231209,1
000336,20231010,1
000336,20231011,1
000336,20231016,1
000336,20231017,1
000336,20231018,1
000336,20231024,1
000336,20231025,1
000336,20231030,1
000336,20231031,1
000336,20231101,1
000336,20231106,1
000336,20231107,1
000336,20231108,1
000336,20231113,1
000336,20231114,1
000336,20231115,1
000336,20231120,1
000336,20231121,1
000336,20231122,1
000336,20231127,1
000336,20231128,1
000336,20231129,1
000336,20231204,1
000336,20231205,1
000336,20231206,1
000337,20231021,1
000337,20231028,1
000337,20231029,1
000337,20231102,1
000338,20231104,1
000338,20231105,1
000338,20231111,1
000339,20231210,1
000339,20231211,1
000339,20231212,1
000339,20231213,1
000339,20231214,1
000339,20231215,1
000339,20231216,1
000339,20231217,1
000339,20231218,1
000339,20231219,1
000339,20231220,1
000339,20231221,1
000339,20231222,1
000339,20231225,1
000339,20231226,1
000339,20231227,1
000339,20231228,1
000339,20231229,1
000339,20231230,1
000339,20240101,1
000339,20240102,1
000339,20240103,1
000339,20240104,1
000339,20240105,1
000340,20231223,1
000340,20231224,1
000340,20231231,1
000340,20240106,1
000340,20240107,1
000341,20231010,1
000341,20231011,1
000341,20231012,1
000341,20231013,1
000341,20231014,1
000341,20231015,1
000341,20231016,1
000341,20231017,1
000341,20231018,1
000341,20231019,1
000341,20231020,1
000341,20231023,1
000341,20231025,1
000341,20231026,1
000341,20231027,1
000341,20231030,1
000341,20231031,1
000341,20231105,1
000341,20231106,1
000341,20231107,1
000341,20231108,1
000341,20231109,1
000341,20231113,1
000341,20231114,1
000341,20231115,1
000341,20231116,1
000341,20231117,1
000341,20231203,1
000341,20231204,1
000341,20231205,1
000341,20231206,1
000341,20231207,1
000341,20231208,1
000341,20231209,1
000342,20231021,1
000342,20231022,1
000342,20231024,1
000342,20231028,1
000342,20231029,1
000342,20231101,1
000342,20231102,1
000343,20231125,1
000343,20231126,1
000344,20231211,1
000344,20231212,1
000344,20231219,1
000344,20240101,1
000344,20240102,1
000344,20240103,1
000345,20231213,1
000345,20231218,1
000345,20231220,1
000345,20231225,1
000346,20231210,1
000346,20231214,1
000346,20231215,1
000346,20231216,1
000346,20231217,1
000346,20231221,1
000346,20231222,1
000347,20231223,1
000347,20231224,1
000347,20231228,1
000347,20231229,1
000347,20231230,1
000347,20231231,1
000347,20240104,1
000347,20240105,1
000347,20240106,1
000347,20240107,1
000348,20231010,1
000348,20231011,1
000348,20231012,1
000348,20231013,1
000348,20231014,1
000348,20231015,1
000348,20231016,1
000348,20231017,1
000348,20231018,1
000348,20231019,1
000348,20231020,1
000348,20231023,1
000348,20231024,1
000348,20231025,1
000348,20231026,1
000348,20231027,1
000348,20231028,1
000348,20231030,1
000348,20231031,1
000348,20231106,1
000348,20231107,1
000348,20231108,1
000348,20231109,1
000348,20231113,1
000348,20231114,1
000348,20231115,1
000348,20231116,1
000348,20231117,1
000348,20231119,1
000348,20231120,1
000348,20231121,1
000348,20231122,1
000348,20231123,1
000348,20231124,1
000348,20231126,1
000348,20231127,1
000348,20231128,1
000348,20231129,1
000348,20231130,1
000348,20231201,1
000348,20231203,1
000348,20231204,1
000348,20231205,1
000348,20231206,1
000348,20231207,1
000348,20231208,1
000348,20231209,1
000349,20231021,1
000349,20231022,1
000349,20231029,1
000349,20231101,1
000349,20231102,1
000350,20231103,1
000350,20231104,1
000350,20231105,1
000350,20231110,1
000351,20231210,1
000351,20231211,1
000351,20231212,1
000351,20231213,1
000351,20231214,1
000351,20231215,1
000351,20231216,1
000351,20231217,1
000351,20231218,1
000351,20231219,1
000351,20231220,1
000351,20231221,1
000351,20231222,1
000351,20231224,1
000351,20231225,1
000351,20231226,1
000351,20231227,1
000351,20231228,1
000351,20231231,1
000351,20240101,1
000351,20240102,1
000351,20240103,1
000351,20240104,1
000351,20240105,1
000351,20240106,1
000351,20240107,1
000352,20231223,1
000352,20231229,1
000352,20231230,1
000353,20231012,1
000353,20231019,1
000353,20231026,1
000353,20231109,1
000353,20231116,1
000353,20231123,1
000353,20231130,1
000353,20231207,1
000354,20231010,1
000354,20231011,1
000354,20231013,1
000354,20231014,1
000354,20231015,1
000354,20231016,1
000354,20231017,1
000354,20231018,1
000354,20231020,1
000354,20231022,1
000354,20231023,1
000354,20231024,1
000354,20231025,1
000354,20231027,1
000354,20231029,1
000354,20231030,1
000354,20231031,1
000354,20231105,1
000354,20231106,1
000354,20231107,1
000354,20231108,1
000354,20231113,1
000354,20231114,1
000354,20231115,1
000354,20231117,1
000354,20231119,1
000354,20231120,1
000354,20231121,1
000354,20231122,1
000354,20231124,1
000354,20231126,1
000354,20231127,1
000354,20231128,1
000354,20231129,1
000354,20231201,1
000354,20231203,1
000354,20231204,1
000354,20231205,1
000354,20231206,1
000354,20231208,1
000354,20231209,1
000355,20231021,1
000355,20231028,1
000355,20231101,1
000356,20231214,1
000356,20231221,1
000356,20231228,1
000356,20240104,1
000357,20231210,1
000357,20231211,1
000357,20231212,1
000357,20231213,1
000357,20231215,1
000357,20231216,1
000357,20231217,1
000357,20231218,1
000357,20231219,1
000357,20231220,1
000357,20231222,1
000357,20231224,1
000357,20231225,1
000357,20231226,1
000357,20231227,1
000357,20231229,1
000357,20231231,1
000357,20240101,1
000357,20240102,1
000357,20240103,1
000357,20240105,1
000357,20240107,1
000358,20231010,1
000358,20231011,1
000358,20231012,1
000358,20231013,1
000358,20231014,1
000358,20231015,1
000358,20231016,1
000358,20231017,1
000358,20231018,1
000358,20231019,1
000358,20231020,1
000358,20231022,1
000358,20231023,1
000358,20231024,1
000358,20231025,1
000358,20231026,1
000358,20231027,1
000358,20231028,1
000358,20231029,1
000358,20231030,1
000358,20231031,1
000358,20231101,1
000358,20231102,1
000358,20231105,1
000358,20231106,1
000358,20231107,1
000358,20231108,1
000358,20231109,1
000358,20231113,1
000358,20231114,1
000358,20231115,1
000358,20231116,1
000358,20231117,1
000358,20231124,1
000358,20231203,1
000358,20231204,1
000358,20231205,1
000358,20231206,1
000358,20231207,1
000358,20231208,1
000358,20231209,1
000359,20231104,1
000359,20231112,1
000360,20231201,1
000360,20231202,1
000361,20231013,1
000361,20231015,1
000361,20231020,1
000361,20231022,1
000361,20231027,1
000361,20231029,1
000361,20231105,1
000361,20231117,1
000361,20231119,1
000361,20231126,1
000361,20231201,1
000361,20231203,1
000361,20231208,1
000362,20231010,1
000362,20231011,1
000362,20231012,1
000362,20231016,1
000362,20231017,1
000362,20231018,1
000362,20231019,1
000362,20231023,1
000362,20231024,1
000362,20231025,1
000362,20231026,1
000362,20231030,1
000362,20231031,1
000362,20231101,1
000362,20231102,1
000362,20231106,1
000362,20231107,1
000362,20231108,1
000362,20231109,1
000362,20231113,1
000362,20231114,1
000362,20231115,1
000362,20231127,1
000362,20231128,1
000362,20231129,1
000362,20231130,1
000362,20231204,1
000362,20231205,1
000362,20231206,1
000362,20231207,1
000363,20231103,1
000363,20231110,1
000363,20231112,1
000364,20231121,1
000364,20231122,1
000365,20231210,1
000365,20231215,1
000365,20231217,1
000365,20231222,1
000365,20231229,1
000365,20240105,1
000365,20240107,1
000366,20231211,1
000366,20231212,1
000366,20231213,1
000366,20231214,1
000366,20231218,1
000366,20231219,1
000366,20231220,1
000366,20231221,1
000366,20231225,1
000366,20231226,1
000366,20231227,1
000366,20231228,1
000366,20240101,1
000366,20240102,1
000366,20240103,1
000366,20240104,1
000367,20231014,1
000367,20231016,1
000367,20231021,1
000367,20231023,1
000367,20231028,1
000367,20231030,1
000367,20231106,1
000367,20231118,1
000367,20231120,1
000367,20231127,1
000367,20231202,1
000367,20231204,1
000367,20231209,1
000368,20231010,1
000368,20231011,1
000368,20231012,1
000368,20231013,1
000368,20231017,1
000368,20231018,1
000368,20231019,1
000368,20231020,1
000368,20231024,1
000368,20231025,1
000368,20231026,1
000368,20231027,1
000368,20231031,1
000368,20231101,1
000368,20231102,1
000368,20231103,1
000368,20231107,1
000368,20231108,1
000368,20231109,1
000368,20231110,1
000368,20231114,1
000368,20231115,1
000368,20231116,1
000368,20231117,1
000368,20231121,1
000368,20231122,1
000368,20231123,1
000368,20231124,1
000368,20231128,1
000368,20231129,1
000368,20231130,1
000368,20231201,1
000368,20231205,1
000368,20231206,1
000368,20231207,1
000368,20231208,1
000369,20231211,1
000369,20231216,1
000369,20231218,1
000369,20231223,1
000369,20231230,1
000369,20240106,1
000369,20240108,1
000370,20231013,1
000370,20231014,1
000370,20231015,1
000370,20231020,1
000370,20231021,1
000370,20231023,1
000370,20231024,1
000370,20231025,1
000370,20231026,1
000370,20231027,1
000370,20231028,1
000370,20231030,1
000370,20231031,1
000370,20231101,1
000370,20231106,1
000370,20231107,1
000370,20231108,1
000370,20231109,1
000370,20231110,1
000370,20231113,1
000370,20231114,1
000370,20231115,1
000370,20231116,1
000370,20231117,1
000370,20231118,1
000370,20231204,1
000370,20231205,1
000370,20231206,1
000370,20231207,1
000370,20231208,1
000370,20231209,1
000371,20231022,1
000371,20231029,1
000371,20231102,1
000371,20231103,1
000372,20231119,1
000372,20231126,1
000373,20231202,1
000373,20231203,1
000374,20231210,1
000374,20231211,1
000374,20231212,1
000374,20231213,1
000374,20231214,1
000374,20231215,1
000374,20231216,1
000374,20231217,1
000374,20231218,1
000374,20231219,1
000374,20231220,1
000374,20231221,1
000374,20231222,1
000374,20231223,1
000374,20231225,1
000374,20231226,1
000374,20231227,1
000374,20231228,1
000374,20231229,1
000374,20231230,1
000374,20240101,1
000374,20240102,1
000374,20240103,1
000374,20240104,1
000374,20240105,1
000374,20240106,1
000374,20240108,1
000375,20231010,1
000375,20231011,1
000375,20231012,1
000375,20231013,1
000375,20231014,1
000375,20231015,1
000375,20231016,1
000375,20231017,1
000375,20231018,1
000375,20231019,1
000375,20231020,1
000375,20231023,1
000375,20231025,1
000375,20231026,1
000375,20231027,1
000375,20231030,1
000375,20231031,1
000375,20231106,1
000375,20231107,1
000375,20231108,1
000375,20231109,1
000375,20231113,1
000375,20231114,1
000375,20231115,1
000375,20231116,1
000375,20231117,1
000375,20231120,1
000375,20231121,1
000375,20231122,1
000375,20231123,1
000375,20231124,1
000375,20231126,1
000375,20231127,1
000375,20231128,1
000375,20231129,1
000375,20231130,1
000375,20231201,1
000375,20231203,1
000375,20231204,1
000375,20231205,1
000375,20231206,1
000375,20231207,1
000375,20231208,1
000375,20231209,1
000376,20231212,1
000376,20231214,1
000376,20231219,1
000376,20231221,1
000376,20231226,1
000376,20231228,1
000377,20231210,1
000377,20231211,1
000377,20231213,1
000377,20231215,1
000377,20231216,1
000377,20231217,1
000377,20231218,1
000377,20231220,1
000377,20231222,1
000377,20231225,1
000377,20231227,1
000377,20231229,1
000377,20231231,1
000377,20240101,1
000377,20240102,1
000377,20240103,1
000377,20240104,1
000377,20240105,1
000377,20240108,1
000378,20231223,1
000378,20231224,1
000378,20231230,1
000378,20240106,1
000378,20240107,1
000379,20231013,1
000379,20231020,1
000379,20231027,1
000379,20231117,1
000379,20231124,1
000379,20231201,1
000379,20231208,1
000380,20231010,1
000380,20231011,1
000380,20231012,1
000380,20231014,1
000380,20231015,1
000380,20231016,1
000380,20231017,1
000380,20231018,1
000380,20231019,1
000380,20231023,1
000380,20231024,1
000380,20231026,1
000380,20231030,1
000380,20231031,1
000380,20231106,1
000380,20231107,1
000380,20231108,1
000380,20231109,1
000380,20231113,1
000380,20231114,1
000380,20231115,1
000380,20231116,1
000380,20231119,1
000380,20231120,1
000380,20231121,1
000380,20231122,1
000380,20231123,1
000380,20231126,1
000380,20231127,1
000380,20231128,1
000380,20231129,1
000380,20231130,1
000380,20231203,1
000380,20231204,1
000380,20231205,1
000380,20231206,1
000380,20231207,1
000380,20231209,1
000381,20231021,1
000381,20231022,1
000381,20231025,1
000381,20231028,1
000381,20231029,1
000381,20231101,1
000381,20231102,1
000382,20231103,1
000382,20231110,1
000383,20231104,1
000383,20231105,1
000384,20231210,1
000384,20231215,1
000384,20231222,1
000385,20231229,1
000385,20240105,1
000386,20231211,1
000386,20231212,1
000386,20231213,1
000386,20231214,1
000386,20231216,1
000386,20231217,1
000386,20231218,1
000386,20231219,1
000386,20231220,1
000386,20231221,1
000386,20231225,1
000386,20240101,1
000386,20240102,1
000386,20240103,1
000386,20240108,1
000387,20231223,1
000387,20231224,1
000387,20231226,1
000387,20231227,1
000387,20231228,1
000387,20231230,1
000387,20231231,1
000387,20240104,1
000387,20240106,1
000387,20240107,1
000388,20231010,1
000388,20231011,1
000388,20231012,1
000388,20231017,1
000388,20231018,1
000388,20231019,1
000388,20231024,1
000388,20231025,1
000388,20231026,1
000388,20231031,1
000388,20231107,1
000388,20231108,1
000388,20231109,1
000388,20231114,1
000388,20231115,1
000388,20231116,1
000388,20231121,1
000388,20231122,1
000388,20231123,1
000388,20231128,1
000388,20231129,1
000388,20231130,1
000388,20231205,1
000388,20231206,1
000388,20231207,1
000389,20231013,1
000389,20231014,1
000389,20231015,1
000389,20231016,1
000389,20231020,1
000389,20231023,1
000389,20231027,1
000389,20231029,1
000389,20231030,1
000389,20231105,1
000389,20231106,1
000389,20231113,1
000389,20231117,1
000389,20231119,1
000389,20231120,1
000389,20231124,1
000389,20231126,1
000389,20231127,1
000389,20231201,1
000389,20231203,1
000389,20231204,1
000389,20231208,1
000389,20231209,1
000390,20231101,1
000390,20231102,1
000391,20231021,1
000391,20231022,1
000391,20231028,1
000392,20231210,1
000392,20231211,1
000392,20231215,1
000392,20231216,1
000392,20231217,1
000392,20231218,1
000392,20231222,1
000392,20231224,1
000392,20231225,1
000392,20231231,1
000392,20240101,1
000392,20240105,1
000392,20240106,1
000392,20240107,1
000392,20240108,1
000393,20231010,1
000393,20231011,1
000393,20231012,1
000393,20231013,1
000393,20231014,1
000393,20231015,1
000393,20231016,1
000393,20231017,1
000393,20231018,1
000393,20231019,1
000393,20231020,1
000393,20231021,1
000393,20231022,1
000393,20231023,1
000393,20231024,1
000393,20231025,1
000393,20231026,1
000393,20231027,1
000393,20231028,1
000393,20231029,1
000393,20231030,1
000393,20231031,1
000393,20231101,1
000393,20231102,1
000393,20231105,1
000393,20231106,1
000393,20231107,1
000393,20231108,1
000393,20231109,1
000393,20231113,1
000393,20231114,1
000393,20231115,1
000393,20231116,1
000393,20231117,1
000393,20231120,1
000393,20231121,1
000393,20231122,1
000393,20231123,1
000393,20231124,1
000393,20231127,1
000393,20231128,1
000393,20231129,1
000393,20231130,1
000393,20231201,1
000393,20231203,1
000393,20231204,1
000393,20231205,1
000393,20231206,1
000393,20231207,1
000393,20231208,1
000393,20231209,1
000394,20231010,1
000394,20231011,1
000394,20231012,1
000394,20231013,1
000394,20231014,1
000394,20231015,1
000394,20231016,1
000394,20231017,1
000394,20231018,1
000394,20231019,1
000394,20231020,1
000394,20231022,1
000394,20231023,1
000394,20231024,1
000394,20231025,1
000394,20231026,1
000394,20231027,1
000394,20231028,1
000394,20231029,1
000394,20231030,1
000394,20231031,1
000394,20231101,1
000394,20231102,1
000394,20231105,1
000394,20231106,1
000394,20231107,1
000394,20231108,1
000394,20231109,1
000394,20231113,1
000394,20231114,1
000394,20231115,1
000394,20231116,1
000394,20231117,1
000394,20231119,1
000394,20231126,1
000394,20231203,1
000394,20231204,1
000394,20231205,1
000394,20231206,1
000394,20231207,1
000394,20231208,1
000394,20231209,1
000395,20231012,1
000395,20231013,1
000395,20231019,1
000395,20231020,1
000395,20231026,1
000395,20231027,1
000395,20231102,1
000395,20231109,1
000395,20231116,1
000395,20231117,1
000395,20231123,1
000395,20231124,1
000395,20231130,1
000395,20231201,1
000395,20231207,1
000395,20231208,1
000396,20231010,1
000396,20231011,1
000396,20231016,1
000396,20231017,1
000396,20231018,1
000396,20231023,1
000396,20231024,1
000396,20231025,1
000396,20231030,1
000396,20231031,1
000396,20231101,1
000396,20231106,1
000396,20231107,1
000396,20231108,1
000396,20231113,1
000396,20231114,1
000396,20231115,1
000396,20231120,1
000396,20231121,1
000396,20231122,1
000396,20231127,1
000396,20231128,1
000396,20231129,1
000396,20231204,1
000396,20231205,1
000396,20231206,1
000397,20231211,1
000397,20231212,1
000397,20231213,1
000397,20231218,1
000397,20231219,1
000397,20231220,1
000397,20231226,1
000397,20231227,1
000397,20240102,1
000397,20240103,1
000397,20240108,1
000398,20231214,1
000398,20231215,1
000398,20231221,1
000398,20231222,1
000398,20231228,1
000398,20231229,1
000398,20240104,1
000398,20240105,1
000399,20231226,1
000399,20231227,1
000400,20240102,1
000400,20240103,1
000401,20231020,1
000401,20231117,1
000402,20231013,1
000402,20231016,1
000402,20231023,1
000402,20231024,1
000402,20231025,1
000402,20231026,1
000402,20231027,1
000402,20231028,1
000402,20231029,1
000402,20231030,1
000402,20231031,1
000402,20231101,1
000402,20231103,1
000402,20231104,1
000402,20231105,1
000402,20231106,1
000402,20231112,1
000402,20231209,1
000403,20231124,1
000403,20231201,1
000403,20231208,1
000404,20231014,1
000404,20231021,1
000405,20240102,1
000405,20240103,1
000405,20240104,1
000405,20240105,1
000406,20231226,1
000406,20231227,1
000406,20231228,1
000406,20231229,1
000407,20231211,1
000407,20231212,1
000407,20231213,1
000407,20231214,1
000407,20231215,1
000407,20231218,1
000407,20231219,1
000407,20231220,1
000407,20231221,1
000407,20231222,1
000407,20231225,1
000407,20240101,1
000407,20240108,1
000408,20231210,1
000408,20231216,1
000408,20231217,1
000408,20231223,1
000408,20231224,1
000408,20231230,1
000408,20231231,1
000408,20240101,1
000408,20240106,1
000408,20240107,1
000409,20231028,1
000409,20231029,1
000409,20231031,1
000410,20231023,1
000410,20231024,1
000410,20231025,1
000410,20231026,1
000410,20231027,1
000410,20231030,1
000411,20231101,1
000411,20231103,1
000411,20231104,1
000411,20231105,1
000411,20231112,1
000411,20231209,1
000412,20231113,1
000412,20231114,1
000412,20231115,1
000412,20231116,1
000412,20231120,1
000412,20231121,1
000412,20231122,1
000412,20231123,1
000412,20231124,1
000412,20231208,1
000413,20231118,1
000413,20231119,1
000413,20231126,1
000413,20231202,1
000413,20231203,1
000414,20231127,1
000414,20231128,1
000414,20231129,1
000414,20231130,1
000415,20231110,1
000415,20231127,1
000415,20231128,1
000415,20231129,1
000415,20231130,1
000415,20231201,1
000415,20231204,1
000415,20231205,1
000415,20231206,1
000415,20231207,1
000415,20231208,1
000416,20231125,1
000416,20231203,1
000417,20231010,1
000417,20231011,1
000417,20231012,1
000417,20231013,1
000417,20231017,1
000417,20231018,1
000417,20231019,1
000417,20231020,1
000417,20231023,1
000417,20231024,1
000417,20231025,1
000417,20231026,1
000417,20231027,1
000417,20231030,1
000417,20231031,1
000417,20231102,1
000417,20231103,1
000417,20231107,1
000417,20231108,1
000417,20231109,1
000417,20231113,1
000417,20231114,1
000417,20231115,1
000417,20231116,1
000417,20231117,1
000417,20231120,1
000417,20231121,1
000417,20231122,1
000417,20231123,1
000417,20231124,1
000418,20231028,1
000418,20231029,1
000418,20231101,1
000418,20231112,1
000418,20231119,1
000418,20231126,1
000418,20231202,1
000418,20231209,1
000419,20231015,1
000419,20231022,1
000419,20231028,1
000419,20231029,1
000419,20231112,1
000419,20231202,1
000419,20231209,1
000420,20231116,1
000420,20231123,1
000420,20231130,1
000421,20231117,1
000421,20231124,1
000421,20231201,1
000422,20231023,1
000422,20231024,1
000422,20231025,1
000422,20231026,1
000422,20231027,1
000422,20231030,1
000422,20231031,1
000422,20231102,1
000422,20231103,1
000422,20231106,1
000422,20231107,1
000422,20231108,1
000422,20231109,1
000422,20231110,1
000422,20231207,1
000422,20231208,1
000423,20231210,1
000423,20231217,1
000423,20231224,1
000423,20231231,1
000424,20231211,1
000424,20231212,1
000424,20231213,1
000424,20231214,1
000424,20231215,1
000424,20231216,1
000424,20231218,1
000424,20231219,1
000424,20231220,1
000424,20231221,1
000424,20231222,1
000424,20231223,1
000424,20231225,1
000424,20231226,1
000424,20231227,1
000424,20231229,1
000424,20231230,1
000425,20240101,1
000425,20240102,1
000425,20240103,1
000425,20240104,1
000425,20240105,1
000425,20240106,1
000425,20240107,1
000425,20240108,1
000426,20231210,1
000426,20231211,1
000426,20231212,1
000426,20231213,1
000426,20231214,1
000426,20231216,1
000426,20231217,1
000426,20231218,1
000426,20231219,1
000426,20231220,1
000426,20231221,1
000426,20231223,1
000426,20231224,1
000426,20231225,1
000426,20231226,1
000426,20231227,1
000426,20231228,1
000426,20231230,1
000426,20231231,1
000426,20240101,1
000426,20240102,1
000426,20240103,1
000426,20240104,1
000426,20240106,1
000426,20240107,1
000426,20240108,1
000427,20231023,1
000427,20231024,1
000427,20231025,1
000427,20231026,1
000428,20231029,1
000428,20231119,1
000428,20231126,1
000429,20231022,1
000429,20231028,1
000429,20231203,1
000429,20231209,1
000430,20231011,1
000430,20231012,1
000430,20231018,1
000430,20231019,1
000430,20231020,1
000430,20231113,1
000430,20231114,1
000430,20231115,1
000430,20231116,1
000430,20231117,1
000431,20231028,1
000431,20231209,1
000432,20231022,1
000432,20231203,1
000433,20231029,1
000433,20231126,1
000434,20231013,1
000434,20231020,1
000434,20231117,1
000435,20231023,1
000435,20231024,1
000435,20231025,1
000435,20231026,1
000435,20231027,1
000436,20231030,1
000436,20231031,1
000436,20231101,1
000436,20231102,1
000436,20231106,1
000436,20231107,1
000436,20231108,1
000436,20231109,1
000437,20231011,1
000437,20231012,1
000437,20231018,1
000437,20231019,1
000437,20231201,1
000437,20231204,1
000437,20231205,1
000437,20231206,1
000437,20231207,1
000437,20231208,1
000438,20231113,1
000438,20231114,1
000438,20231115,1
000438,20231116,1
000438,20231127,1
000438,20231128,1
000438,20231129,1
000438,20231130,1
000439,20231212,1
000439,20231213,1
000440,20231219,1
000440,20231220,1
000440,20231221,1
000440,20231226,1
000440,20231227,1
000440,20231228,1
000440,20240102,1
000440,20240103,1
000440,20240104,1
000441,20231211,1
000441,20231216,1
000441,20231218,1
000442,20231210,1
000442,20240107,1
000443,20231213,1
000443,20231219,1
000443,20231220,1
000444,20231214,1
000444,20231221,1
000445,20231215,1
000445,20231222,1
000445,20231228,1
000445,20231229,1
000445,20240104,1
000445,20240105,1
000446,20231226,1
000446,20231227,1
000446,20240102,1
000446,20240103,1
000447,20231228,1
000447,20240104,1
000448,20231215,1
000448,20231222,1
000449,20231016,1
000449,20231023,1
000449,20231030,1
000449,20231106,1
000449,20231113,1
000449,20231120,1
000449,20231127,1
000449,20231204,1
000450,20231211,1
000450,20231218,1
000450,20240108,1
000451,20231212,1
000451,20231213,1
000451,20231214,1
000451,20231215,1
000451,20231219,1
000451,20231220,1
000451,20231221,1
000451,20231222,1
000451,20231227,1
000451,20231228,1
000451,20231229,1
000451,20240103,1
000451,20240104,1
000451,20240105,1
000452,20231226,1
000452,20240102,1
000453,20231211,1
000453,20231212,1
000453,20231213,1
000453,20231214,1
000453,20231215,1
000453,20231216,1
000453,20231218,1
000453,20231219,1
000453,20231220,1
000453,20231221,1
000453,20231222,1
000453,20231223,1
000453,20231226,1
000453,20231227,1
000453,20231228,1
000453,20231229,1
000453,20231230,1
000453,20240102,1
000453,20240103,1
000453,20240104,1
000453,20240105,1
000453,20240106,1
000453,20240108,1
000454,20231010,1
000454,20231011,1
000454,20231012,1
000454,20231013,1
000454,20231016,1
000454,20231017,1
000454,20231018,1
000454,20231019,1
000454,20231020,1
000454,20231023,1
000454,20231024,1
000454,20231025,1
000454,20231026,1
000454,20231027,1
000454,20231028,1
000454,20231030,1
000454,20231031,1
000454,20231101,1
000454,20231102,1
000454,20231103,1
000454,20231104,1
000454,20231106,1
000454,20231107,1
000454,20231108,1
000454,20231109,1
000454,20231110,1
000454,20231113,1
000454,20231114,1
000454,20231115,1
000454,20231116,1
000454,20231117,1
000454,20231121,1
000454,20231122,1
000454,20231123,1
000454,20231124,1
000454,20231127,1
000454,20231128,1
000454,20231129,1
000454,20231130,1
000454,20231201,1
000454,20231205,1
000454,20231206,1
000454,20231207,1
000454,20231208,1
000454,20231209,1
000455,20231010,1
000455,20231011,1
000455,20231012,1
000455,20231013,1
000455,20231016,1
000455,20231017,1
000455,20231018,1
000455,20231019,1
000455,20231020,1
000455,20231023,1
000455,20231024,1
000455,20231025,1
000455,20231026,1
000455,20231027,1
000455,20231030,1
000455,20231031,1
000455,20231102,1
000455,20231103,1
000455,20231106,1
000455,20231107,1
000455,20231108,1
000455,20231109,1
000455,20231110,1
000455,20231113,1
000455,20231114,1
000455,20231115,1
000455,20231116,1
000455,20231117,1
000455,20231120,1
000455,20231121,1
000455,20231122,1
000455,20231123,1
000455,20231124,1
000455,20231127,1
000455,20231128,1
000455,20231129,1
000455,20231130,1
000455,20231201,1
000455,20231204,1
000455,20231205,1
000455,20231206,1
000455,20231207,1
000455,20231208,1
000456,20231010,1
000456,20231011,1
000456,20231012,1
000456,20231013,1
000456,20231016,1
000456,20231017,1
000456,20231018,1
000456,20231019,1
000456,20231020,1
000456,20231024,1
000456,20231025,1
000456,20231026,1
000456,20231027,1
000456,20231030,1
000456,20231031,1
000456,20231102,1
000456,20231105,1
000456,20231106,1
000456,20231107,1
000456,20231108,1
000456,20231109,1
000456,20231110,1
000456,20231113,1
000456,20231114,1
000456,20231115,1
000456,20231116,1
000456,20231117,1
000456,20231120,1
000456,20231121,1
000456,20231122,1
000456,20231123,1
000456,20231124,1
000456,20231127,1
000456,20231128,1
000456,20231129,1
000456,20231130,1
000456,20231201,1
000456,20231204,1
000456,20231205,1
000456,20231206,1
000456,20231207,1
000456,20231208,1
000456,20231209,1
000457,20231210,1
000457,20231211,1
000457,20231212,1
000457,20231213,1
000457,20231214,1
000457,20231215,1
000457,20231216,1
000457,20231217,1
000457,20231218,1
000457,20231219,1
000457,20231220,1
000457,20231221,1
000457,20231222,1
000457,20231225,1
000457,20231226,1
000457,20231227,1
000457,20231228,1
000457,20231231,1
000457,20240101,1
000457,20240102,1
000457,20240103,1
000457,20240104,1
000457,20240107,1
000457,20240108,1
000458,20231223,1
000458,20231224,1
000458,20231229,1
000458,20231230,1
000458,20240105,1
000458,20240106,1
000459,20231023,1
000459,20231028,1
000459,20231029,1
000459,20231101,1
000459,20231103,1
000459,20231104,1
000460,20231104,1
000460,20231209,1
000461,20231023,1
000461,20231024,1
000461,20231025,1
000461,20231026,1
000461,20231027,1
000461,20231030,1
000461,20231031,1
000461,20231102,1
000461,20231103,1
000461,20231106,1
000461,20231107,1
000461,20231108,1
000461,20231109,1
000461,20231110,1
000462,20231014,1
000462,20231015,1
000462,20231021,1
000462,20231022,1
000463,20231010,1
000463,20231011,1
000463,20231012,1
000463,20231013,1
000463,20231016,1
000463,20231017,1
000463,20231018,1
000463,20231019,1
000463,20231020,1
000463,20231028,1
000463,20231029,1
000463,20231101,1
000463,20231104,1
000463,20231105,1
000463,20231127,1
000463,20231128,1
000463,20231129,1
000463,20231130,1
000463,20231201,1
000463,20231204,1
000463,20231205,1
000463,20231206,1
000463,20231207,1
000463,20231208,1
000463,20231209,1
000464,20231010,1
000464,20231011,1
000464,20231012,1
000464,20231013,1
000464,20231016,1
000464,20231017,1
000464,20231018,1
000464,20231019,1
000464,20231020,1
000464,20231023,1
000464,20231024,1
000464,20231025,1
000464,20231026,1
000464,20231027,1
000464,20231028,1
000464,20231029,1
000464,20231030,1
000464,20231031,1
000464,20231101,1
000464,20231102,1
000464,20231103,1
000464,20231104,1
000464,20231105,1
000464,20231106,1
000464,20231107,1
000464,20231108,1
000464,20231109,1
000464,20231110,1
000464,20231113,1
000464,20231114,1
000464,20231115,1
000464,20231117,1
000464,20231120,1
000464,20231121,1
000464,20231122,1
000464,20231123,1
000464,20231124,1
000464,20231127,1
000464,20231128,1
000464,20231129,1
000464,20231130,1
000464,20231201,1
000464,20231204,1
000464,20231205,1
000464,20231206,1
000464,20231207,1
000464,20231208,1
000464,20231209,1
000465,20231011,1
000465,20231012,1
000465,20231013,1
000465,20231016,1
000465,20231017,1
000465,20231018,1
000465,20231019,1
000465,20231020,1
000465,20231023,1
000465,20231024,1
000465,20231025,1
000465,20231026,1
000465,20231027,1
000465,20231028,1
000465,20231029,1
000465,20231030,1
000465,20231031,1
000465,20231101,1
000465,20231102,1
000465,20231103,1
000465,20231104,1
000465,20231105,1
000465,20231106,1
000465,20231107,1
000465,20231108,1
000465,20231109,1
000465,20231110,1
000465,20231117,1
000465,20231120,1
000465,20231122,1
000465,20231124,1
000465,20231127,1
000465,20231128,1
000465,20231129,1
000465,20231130,1
000465,20231201,1
000465,20231204,1
000465,20231205,1
000465,20231206,1
000465,20231207,1
000465,20231208,1
000465,20231209,1
000466,20231121,1
000466,20231123,1
000467,20231010,1
000467,20231011,1
000467,20231012,1
000467,20231013,1
000467,20231016,1
000467,20231017,1
000467,20231018,1
000467,20231019,1
000467,20231020,1
000467,20231023,1
000467,20231024,1
000467,20231025,1
000467,20231026,1
000467,20231027,1
000467,20231028,1
000467,20231030,1
000467,20231031,1
000467,20231101,1
000467,20231102,1
000467,20231103,1
000467,20231104,1
000467,20231106,1
000467,20231107,1
000467,20231108,1
000467,20231109,1
000467,20231110,1
000467,20231127,1
000467,20231128,1
000467,20231129,1
000467,20231130,1
000467,20231201,1
000467,20231204,1
000467,20231205,1
000467,20231206,1
000467,20231207,1
000467,20231208,1
000467,20231209,1
000468,20231013,1
000468,20231020,1
000468,20231117,1
000468,20231124,1
000468,20231201,1
000468,20231208,1
000469,20231027,1
000469,20231103,1
000469,20231110,1
000470,20231028,1
000470,20231029,1
000471,20231114,1
000471,20231125,1
000472,20231111,1
000472,20231112,1
000472,20231115,1
000472,20231116,1
000472,20231117,1
000472,20231120,1
000472,20231121,1
000472,20231122,1
000472,20231123,1
000472,20231124,1
000473,20231010,1
000473,20231011,1
000473,20231012,1
000473,20231013,1
000473,20231016,1
000473,20231017,1
000473,20231018,1
000473,20231019,1
000473,20231020,1
000473,20231101,1
000473,20231104,1
000473,20231105,1
000473,20231126,1
000473,20231127,1
000473,20231128,1
000473,20231129,1
000473,20231130,1
000473,20231201,1
000473,20231204,1
000473,20231205,1
000473,20231206,1
000473,20231207,1
000473,20231208,1
000473,20231209,1
000474,20231011,1
000474,20231012,1
000474,20231013,1
000474,20231016,1
000474,20231017,1
000474,20231018,1
000474,20231019,1
000474,20231020,1
000474,20231023,1
000474,20231024,1
000474,20231025,1
000474,20231026,1
000474,20231027,1
000474,20231028,1
000474,20231029,1
000474,20231030,1
000474,20231031,1
000474,20231101,1
000474,20231102,1
000474,20231103,1
000474,20231104,1
000474,20231105,1
000474,20231106,1
000474,20231107,1
000474,20231108,1
000474,20231109,1
000474,20231110,1
000474,20231113,1
000474,20231114,1
000474,20231115,1
000474,20231116,1
000474,20231117,1
000474,20231120,1
000474,20231121,1
000474,20231122,1
000474,20231123,1
000474,20231124,1
000474,20231127,1
000474,20231128,1
000474,20231129,1
000474,20231130,1
000474,20231201,1
000474,20231204,1
000474,20231205,1
000474,20231206,1
000474,20231207,1
000474,20231208,1
000474,20231209,1
000475,20231010,1
000475,20231011,1
000475,20231012,1
000475,20231013,1
000475,20231016,1
000475,20231017,1
000475,20231018,1
000475,20231019,1
000475,20231020,1
000475,20231023,1
000475,20231024,1
000475,20231025,1
000475,20231026,1
000475,20231027,1
000475,20231030,1
000475,20231031,1
000475,20231101,1
000475,20231102,1
000475,20231103,1
000475,20231106,1
000475,20231107,1
000475,20231108,1
000475,20231109,1
000475,20231110,1
000475,20231113,1
000475,20231114,1
000475,20231115,1
000475,20231116,1
000475,20231117,1
000475,20231120,1
000475,20231121,1
000475,20231122,1
000475,20231123,1
000475,20231124,1
000475,20231127,1
000475,20231128,1
000475,20231129,1
000475,20231130,1
000475,20231201,1
000475,20231204,1
000475,20231205,1
000475,20231206,1
000475,20231207,1
000475,20231208,1
000476,20231029,1
000476,20231105,1
000476,20231126,1
000477,20231015,1
000477,20231022,1
000478,20231117,1
000478,20231119,1
000479,20231210,1
000479,20231211,1
000479,20231212,1
000479,20231213,1
000479,20231214,1
000479,20231215,1
000479,20231216,1
000479,20231217,1
000479,20231218,1
000479,20231219,1
000479,20231220,1
000479,20231221,1
000479,20231222,1
000479,20231224,1
000479,20231225,1
000479,20231226,1
000479,20231227,1
000479,20231228,1
000479,20231231,1
000479,20240101,1
000479,20240102,1
000479,20240103,1
000479,20240104,1
000479,20240107,1
000479,20240108,1
000480,20231223,1
000480,20231229,1
000480,20231230,1
000480,20240105,1
000480,20240106,1
000481,20231010,1
000481,20231011,1
000481,20231012,1
000481,20231013,1
000481,20231016,1
000481,20231017,1
000481,20231018,1
000481,20231019,1
000481,20231020,1
000481,20231023,1
000481,20231024,1
000481,20231025,1
000481,20231026,1
000481,20231027,1
000481,20231030,1
000481,20231031,1
000481,20231102,1
000481,20231105,1
000481,20231106,1
000481,20231107,1
000481,20231108,1
000481,20231109,1
000481,20231110,1
000481,20231113,1
000481,20231114,1
000481,20231115,1
000481,20231116,1
000481,20231120,1
000481,20231121,1
000481,20231122,1
000481,20231123,1
000481,20231124,1
000481,20231126,1
000481,20231127,1
000481,20231128,1
000481,20231129,1
000481,20231130,1
000481,20231204,1
000481,20231205,1
000481,20231206,1
000481,20231207,1
000481,20231208,1
000481,20231209,1
000482,20231101,1
000482,20231103,1
000482,20231104,1
000483,20231029,1
000483,20231105,1
000483,20231112,1
000483,20231126,1
000484,20231010,1
000484,20231011,1
000484,20231012,1
000484,20231013,1
000484,20231016,1
000484,20231017,1
000484,20231018,1
000484,20231019,1
000484,20231020,1
000484,20231023,1
000484,20231024,1
000484,20231025,1
000484,20231026,1
000484,20231027,1
000484,20231030,1
000484,20231031,1
000484,20231101,1
000484,20231102,1
000484,20231103,1
000484,20231105,1
000484,20231106,1
000484,20231107,1
000484,20231108,1
000484,20231109,1
000484,20231110,1
000484,20231117,1
000484,20231120,1
000484,20231121,1
000484,20231122,1
000484,20231123,1
000484,20231124,1
000484,20231126,1
000484,20231127,1
000484,20231128,1
000484,20231129,1
000484,20231130,1
000484,20231204,1
000484,20231205,1
000484,20231206,1
000484,20231207,1
000484,20231208,1
000485,20231210,1
000485,20231211,1
000485,20231212,1
000485,20231213,1
000485,20231214,1
000485,20231215,1
000485,20231217,1
000485,20231218,1
000485,20231219,1
000485,20231220,1
000485,20231221,1
000485,20231222,1
000485,20231224,1
000485,20231225,1
000485,20231226,1
000485,20231227,1
000485,20231228,1
000485,20231229,1
000485,20231231,1
000485,20240101,1
000485,20240102,1
000485,20240103,1
000485,20240104,1
000485,20240105,1
000485,20240107,1
000485,20240108,1
000486,20231010,1
000486,20231011,1
000486,20231012,1
000486,20231016,1
000486,20231017,1
000486,20231018,1
000486,20231019,1
000486,20231023,1
000486,20231024,1
000486,20231025,1
000486,20231026,1
000486,20231028,1
000486,20231029,1
000486,20231031,1
000486,20231101,1
000486,20231102,1
000486,20231104,1
000486,20231105,1
000486,20231106,1
000486,20231107,1
000486,20231108,1
000486,20231109,1
000486,20231113,1
000486,20231114,1
000486,20231115,1
000486,20231116,1
000486,20231120,1
000486,20231121,1
000486,20231122,1
000486,20231123,1
000486,20231126,1
000486,20231127,1
000486,20231128,1
000486,20231129,1
000486,20231130,1
000486,20231204,1
000486,20231205,1
000486,20231206,1
000486,20231207,1
000486,20231209,1
000487,20231224,1
000487,20231231,1
000488,20231210,1
000488,20231217,1
000488,20240107,1
000489,20231029,1
000489,20231105,1
000490,20231014,1
000490,20231021,1
000490,20231022,1
000491,20231010,1
000491,20231011,1
000491,20231012,1
000491,20231013,1
000491,20231016,1
000491,20231017,1
000491,20231018,1
000491,20231019,1
000491,20231020,1
000491,20231023,1
000491,20231024,1
000491,20231025,1
000491,20231026,1
000491,20231027,1
000491,20231028,1
000491,20231029,1
000491,20231030,1
000491,20231031,1
000491,20231101,1
000491,20231102,1
000491,20231103,1
000491,20231104,1
000491,20231105,1
000491,20231106,1
000491,20231107,1
000491,20231108,1
000491,20231109,1
000491,20231110,1
000491,20231113,1
000491,20231114,1
000491,20231115,1
000491,20231116,1
000491,20231120,1
000491,20231121,1
000491,20231122,1
000491,20231123,1
000491,20231124,1
000491,20231126,1
000491,20231127,1
000491,20231128,1
000491,20231129,1
000491,20231130,1
000491,20231204,1
000491,20231205,1
000491,20231206,1
000491,20231207,1
000491,20231208,1
000491,20231209,1
000000,20231010,1
000000,20231011,1
000000,20231012,1
000000,20231013,1
000000,20231014,1
000000,20231015,1
000000,20231016,1
000000,20231017,1
000000,20231018,1
000000,20231019,1
000000,20231020,1
000000,20231021,1
000000,20231022,1
000000,20231023,1
000000,20231024,1
000000,20231025,1
000000,20231026,1
000000,20231027,1
000000,20231028,1
000000,20231029,1
000000,20231030,1
000000,20231031,1
000000,20231101,1
000000,20231102,1
000000,20231103,1
000000,20231104,1
000000,20231105,1
000000,20231106,1
000000,20231107,1
000000,20231108,1
000000,20231109,1
000000,20231110,1
000000,20231111,1
000000,20231112,1
000000,20231113,1
000000,20231114,1
000000,20231115,1
000000,20231116,1
000000,20231117,1
000000,20231118,1
000000,20231119,1
000000,20231120,1
000000,20231121,1
000000,20231122,1
000000,20231123,1
000000,20231124,1
000000,20231125,1
000000,20231126,1
000000,20231127,1
000000,20231128,1
000000,20231129,1
000000,20231130,1
000000,20231201,1
000000,20231202,1
000000,20231203,1
000000,20231204,1
000000,20231205,1
000000,20231206,1
000000,20231207,1
000000,20231208,1
000000,20231209,1
000000,20231210,1
000000,20231211,1
000000,20231212,1
000000,20231213,1
000000,20231214,1
000000,20231215,1
000000,20231216,1
000000,20231217,1
000000,20231218,1
000000,20231219,1
000000,20231220,1
000000,20231221,1
000000,20231222,1
000000,20231223,1
000000,20231224,1
000000,20231225,1
000000,20231226,1
000000,20231227,1
000000,20231228,1
000000,20231229,1
000000,20231230,1
000000,20231231,1
000000,20240101,1
000000,20240102,1
000000,20240103,1
000000,20240104,1
000000,20240105,1
000000,20240106,1
000000,20240107,1
000000,20240108,1
